# rows 962
xG,yG,dxR,dyR,dxB,dyB,xG2,yG2,xG3,yG3
0.0518,0.9656,0.5746,-0.4943,-0.4506,-1.3306,0.00268,0.9323,0.000139,0.9002
0.0538,0.9263,0.4816,-0.3880,-0.6887,-1.1001,0.00289,0.8580,0.000155,0.7948
0.0557,0.8907,0.5647,-0.3713,-0.7396,-1.0764,0.00311,0.7934,0.000173,0.7067
0.0577,0.8518,0.5418,-0.3642,-0.7617,-1.0274,0.00333,0.7256,0.000192,0.6181
0.0594,0.8131,0.6458,-0.3302,-0.8803,-1.0163,0.00353,0.6611,0.000210,0.5375
0.0611,0.7745,0.5527,-0.2135,-0.9135,-1.0536,0.00373,0.5998,0.000228,0.4645
0.0629,0.7359,0.6600,-0.2445,-0.8157,-1.0783,0.00395,0.5416,0.000248,0.3985
0.0645,0.6977,0.6950,-0.1695,-0.9216,-0.9584,0.00416,0.4867,0.000269,0.3396
0.0662,0.6597,0.7160,-0.2145,-1.0301,-1.0373,0.00438,0.4351,0.000290,0.2870
0.0678,0.6219,0.8000,0.0287,-0.8585,-0.8744,0.00460,0.3867,0.000312,0.2405
0.0694,0.5843,0.8606,-0.0174,-0.9626,-0.9014,0.00482,0.3414,0.000334,0.1994
0.0710,0.5467,0.7036,-0.0261,-0.9517,-0.8869,0.00504,0.2989,0.000358,0.1634
0.0724,0.5093,0.6951,0.0240,-0.8979,-1.0418,0.00525,0.2594,0.000380,0.1321
0.0739,0.4719,0.6284,0.0700,-0.9439,-0.9391,0.00546,0.2227,0.000404,0.1051
0.0753,0.4347,0.7282,0.1706,-1.0347,-0.8709,0.00567,0.1890,0.000427,0.0822
0.0766,0.3976,0.6827,0.0425,-0.9390,-0.9380,0.00587,0.1581,0.000450,0.0629
0.0779,0.3607,0.6713,0.1486,-0.9788,-1.0469,0.00606,0.1301,0.000472,0.0469
0.0789,0.9659,0.5226,-0.4572,-0.7103,-1.2793,0.00623,0.9329,0.000492,0.9011
0.0790,0.3238,0.7337,0.2583,-0.9584,-1.0234,0.00624,0.1049,0.000493,0.0340
0.0802,0.2871,0.6717,0.1978,-0.9610,-0.9742,0.00643,0.0824,0.000516,0.0237
0.0808,0.9267,0.5859,-0.3678,-0.7263,-1.0946,0.00653,0.8587,0.000527,0.7957
0.0814,0.2503,0.6193,0.2287,-0.9125,-0.9127,0.00662,0.0627,0.000539,0.0157
0.0826,0.8911,0.5867,-0.3752,-0.7437,-1.1528,0.00682,0.7941,0.000564,0.7077
0.0825,0.2138,0.5979,0.2894,-0.9454,-0.9165,0.00681,0.0457,0.000562,0.0098
0.0837,0.1771,0.6240,0.3017,-0.7428,-0.8943,0.00701,0.0314,0.000586,0.0056
0.0843,0.8523,0.5979,-0.3790,-0.9057,-1.0325,0.00711,0.7264,0.000600,0.6191
0.0848,0.1406,0.4884,0.4897,-0.8588,-0.8386,0.00720,0.0198,0.000610,0.0028
0.0861,0.8136,0.6457,-0.3014,-0.9643,-1.0589,0.00741,0.6620,0.000638,0.5386
0.0860,0.1042,0.5250,0.4470,-0.8056,-0.7954,0.00739,0.0109,0.000635,0.0011
0.0870,0.0680,0.5590,0.4205,-0.7049,-0.8396,0.00756,0.0046,0.000658,0.0003
0.0878,0.7750,0.6189,-0.3004,-0.9024,-1.0742,0.00771,0.6007,0.000677,0.4656
0.0880,0.0318,0.5669,0.3571,-0.6942,-0.8382,0.00775,0.0010,0.000682,0.0000
0.0895,0.7365,0.8031,-0.3250,-0.9239,-0.9544,0.00801,0.5425,0.000717,0.3996
0.0912,0.6984,0.6455,-0.2614,-0.9856,-0.9635,0.00831,0.4878,0.000757,0.3407
0.0927,0.6605,0.5491,-0.2583,-1.1089,-1.0523,0.00860,0.4362,0.000797,0.2881
0.0943,0.6227,0.7556,-0.1881,-1.1159,-0.9711,0.00889,0.3878,0.000839,0.2415
0.0958,0.5851,0.6321,-0.0859,-1.0919,-1.0248,0.00918,0.3424,0.000879,0.2003
0.0973,0.5476,0.6379,-0.0172,-1.0804,-0.8763,0.00946,0.2999,0.000920,0.1642
0.0987,0.5103,0.8441,-0.0312,-0.9931,-1.0959,0.00974,0.2604,0.000962,0.1329
0.1001,0.4729,0.6977,0.0679,-1.1082,-0.9878,0.01002,0.2236,0.001004,0.1057
0.1014,0.4358,0.7843,0.1559,-0.8951,-1.0121,0.01029,0.1899,0.001044,0.0828
0.1028,0.3988,0.6547,0.1602,-1.0138,-1.0082,0.01056,0.1590,0.001086,0.0634
0.1040,0.3618,0.6855,0.2779,-1.0533,-0.8432,0.01081,0.1309,0.001124,0.0474
0.1051,0.3251,0.6526,0.1618,-1.0189,-1.0075,0.01105,0.1057,0.001161,0.0344
0.1059,0.9663,0.6752,-0.4379,-0.6573,-1.2124,0.01122,0.9336,0.001189,0.9021
0.1062,0.2884,0.6603,0.3072,-0.9862,-0.9846,0.01128,0.0832,0.001199,0.0240
0.1077,0.9271,0.6127,-0.5077,-0.8387,-1.1247,0.01160,0.8594,0.001249,0.7968
0.1074,0.2517,0.6531,0.3057,-0.9973,-0.9557,0.01153,0.0634,0.001238,0.0160
0.1085,0.2152,0.6047,0.3474,-0.9356,-0.9493,0.01177,0.0463,0.001276,0.0100
0.1094,0.8916,0.6306,-0.3586,-0.9313,-1.1131,0.01196,0.7950,0.001308,0.7088
0.1096,0.1785,0.6006,0.3618,-0.8415,-0.9638,0.01200,0.0319,0.001315,0.0057
0.1107,0.1421,0.5972,0.3919,-0.9417,-1.0411,0.01225,0.0202,0.001356,0.0029
0.1111,0.8528,0.6288,-0.3126,-0.7682,-1.0527,0.01234,0.7273,0.001370,0.6203
0.1117,0.1057,0.6208,0.4069,-0.7909,-1.0199,0.01249,0.0112,0.001396,0.0012
0.1128,0.8142,0.7051,-0.3769,-0.9384,-1.0390,0.01272,0.6629,0.001435,0.5397
0.1127,0.0695,0.4780,0.5069,-0.8642,-0.8093,0.01270,0.0048,0.001432,0.0003
0.1137,0.0332,0.5076,0.4519,-0.7736,-0.8448,0.01292,0.0011,0.001469,0.0000
0.1144,0.7757,0.6950,-0.3029,-0.9288,-0.9727,0.01310,0.6017,0.001499,0.4667
0.1161,0.7373,0.5725,-0.1071,-1.0214,-0.8351,0.01348,0.5436,0.001565,0.4008
0.1177,0.6992,0.5622,-0.1080,-1.0220,-0.9276,0.01385,0.4888,0.001630,0.3418
0.1192,0.6613,0.5581,-0.3052,-1.0432,-0.9972,0.01421,0.4373,0.001693,0.2892
0.1206,0.6236,0.6570,-0.0730,-1.0817,-0.9896,0.01455,0.3889,0.001756,0.2425
0.1221,0.5860,0.7220,-0.1461,-1.0342,-0.9761,0.01490,0.3434,0.001819,0.2012
0.1235,0.5486,0.6859,-0.1107,-1.1101,-0.9328,0.01525,0.3009,0.001884,0.1651
0.1248,0.5112,0.5931,-0.0837,-1.0719,-1.0015,0.01559,0.2613,0.001946,0.1336
0.1262,0.4739,0.6126,0.0976,-1.1916,-0.8827,0.01592,0.2246,0.002009,0.1064
0.1275,0.4368,0.5859,0.0584,-1.0657,-0.9355,0.01626,0.1908,0.002074,0.0834
0.1287,0.3999,0.5819,0.1019,-1.0881,-1.0141,0.01657,0.1599,0.002134,0.0639
0.1300,0.3631,0.6823,0.1173,-0.9205,-0.8932,0.01689,0.1318,0.002196,0.0479
0.1311,0.3264,0.6465,0.2917,-0.9078,-1.0133,0.01720,0.1066,0.002256,0.0348
0.1322,0.2898,0.6156,0.1779,-0.9506,-1.0259,0.01749,0.0840,0.002312,0.0243
0.1327,0.9667,0.4908,-0.4965,-0.8537,-1.0291,0.01762,0.9345,0.002339,0.9033
0.1334,0.2532,0.6100,0.3151,-1.0826,-1.0144,0.01778,0.0641,0.002372,0.0162
0.1345,0.9275,0.5396,-0.5054,-0.9186,-1.1190,0.01808,0.8603,0.002432,0.7980
0.1344,0.2167,0.6891,0.3191,-0.9539,-0.9921,0.01807,0.0469,0.002429,0.0102
0.1355,0.1801,0.6511,0.2684,-0.8995,-1.1016,0.01836,0.0324,0.002487,0.0058
0.1361,0.8921,0.5877,-0.4407,-0.8902,-1.0700,0.01851,0.7959,0.002519,0.7101
0.1365,0.1436,0.6098,0.2286,-0.8616,-1.0145,0.01865,0.0206,0.002546,0.0030
0.1377,0.8534,0.5172,-0.4045,-0.9971,-0.9805,0.01896,0.7283,0.002611,0.6216
0.1375,0.1073,0.5077,0.5629,-0.9964,-0.9707,0.01892,0.0115,0.002602,0.0012
0.1385,0.0710,0.5036,0.5964,-0.7339,-0.9724,0.01918,0.0050,0.002655,0.0004
0.1394,0.8148,0.5355,-0.3542,-1.0071,-0.9016,0.01942,0.6639,0.002706,0.5410
0.1394,0.0347,0.5417,0.4995,-0.7459,-0.8911,0.01942,0.0012,0.002707,0.0000
0.1409,0.7764,0.5962,-0.3440,-1.0836,-0.8756,0.01987,0.6027,0.002800,0.4680
0.1425,0.7380,0.5324,-0.2879,-1.0800,-1.0158,0.02030,0.5446,0.002893,0.4020
0.1439,0.6999,0.5719,-0.2408,-0.9411,-0.8976,0.02072,0.4899,0.002982,0.3429
0.1454,0.6620,0.6716,-0.2306,-1.0690,-0.9418,0.02113,0.4383,0.003071,0.2902
0.1468,0.6244,0.5986,-0.1261,-1.1225,-1.0063,0.02154,0.3899,0.003162,0.2434
0.1482,0.5869,0.5336,-0.1686,-0.9747,-0.9800,0.02195,0.3444,0.003252,0.2022
0.1495,0.5495,0.6366,-0.1677,-1.0790,-0.9690,0.02236,0.3020,0.003343,0.1659
0.1508,0.5122,0.7095,-0.0719,-1.0657,-0.9907,0.02275,0.2623,0.003432,0.1344
0.1521,0.4749,0.6003,0.0805,-1.1928,-0.9302,0.02313,0.2255,0.003519,0.1071
0.1534,0.4378,0.8204,0.0047,-1.1505,-1.1051,0.02353,0.1917,0.003609,0.0839
0.1546,0.4009,0.6810,0.0896,-1.0869,-0.9494,0.02390,0.1607,0.003694,0.0644
0.1558,0.3642,0.5809,0.1932,-0.9798,-1.0613,0.02428,0.1327,0.003782,0.0483
0.1569,0.3276,0.6367,0.1310,-1.0512,-0.9499,0.02463,0.1073,0.003865,0.0352
0.1580,0.2911,0.6002,0.2541,-1.0018,-1.0729,0.02497,0.0847,0.003946,0.0247
0.1594,0.9671,0.6325,-0.3951,-0.8954,-1.0314,0.02541,0.9352,0.004051,0.9044
0.1591,0.2546,0.6528,0.3241,-1.0019,-1.0096,0.02532,0.0648,0.004028,0.0165
0.1601,0.2180,0.6858,0.3692,-1.0536,-0.9382,0.02565,0.0475,0.004107,0.0104
0.1611,0.9280,0.4924,-0.4007,-0.9317,-1.0612,0.02595,0.8611,0.004181,0.7991
0.1612,0.1815,0.5760,0.2921,-0.9529,-0.9494,0.02597,0.0329,0.004185,0.0060
0.1621,0.1450,0.6365,0.3773,-0.9256,-0.9034,0.02629,0.0210,0.004263,0.0030
0.1626,0.8926,0.5739,-0.4012,-0.8020,-1.0062,0.02645,0.7968,0.004302,0.7113
0.1631,0.1087,0.5693,0.4056,-0.7790,-1.0389,0.02660,0.0118,0.004339,0.0013
0.1642,0.8539,0.5402,-0.4209,-0.9383,-1.0021,0.02695,0.7292,0.004424,0.6227
0.1640,0.0724,0.4944,0.4752,-1.0371,-1.0205,0.02690,0.0052,0.004411,0.0004
0.1648,0.0360,0.4449,0.3655,-0.9462,-0.9402,0.02716,0.0013,0.004476,0.0000
0.1657,0.8154,0.5906,-0.5380,-0.9329,-1.0285,0.02746,0.6649,0.004551,0.5422
0.1673,0.7770,0.6555,-0.1729,-0.9879,-0.8612,0.02798,0.6037,0.004680,0.4690
0.1687,0.7387,0.7812,-0.2704,-1.0931,-1.0533,0.02846,0.5456,0.004800,0.4030
0.1701,0.7006,0.5152,-0.2435,-1.0654,-1.0559,0.02893,0.4909,0.004920,0.3439
0.1714,0.6628,0.5857,-0.1145,-0.9593,-0.9957,0.02939,0.4393,0.005038,0.2911
0.1728,0.6251,0.5307,-0.0779,-1.0941,-0.8401,0.02985,0.3908,0.005158,0.2443
0.1741,0.5877,0.5814,-0.2206,-1.0162,-0.9419,0.03033,0.3454,0.005281,0.2030
0.1755,0.5504,0.5303,-0.0329,-1.1468,-1.0114,0.03078,0.3029,0.005401,0.1667
0.1767,0.5131,0.7101,0.0619,-1.0259,-0.8403,0.03123,0.2632,0.005519,0.1351
0.1780,0.4758,0.6022,0.0067,-1.0420,-1.0140,0.03167,0.2264,0.005635,0.1077
0.1791,0.4388,0.5330,0.1238,-1.0153,-0.9573,0.03209,0.1925,0.005749,0.0845
0.1803,0.4019,0.5238,0.1586,-1.1046,-0.8956,0.03251,0.1616,0.005862,0.0649
0.1815,0.3653,0.5520,0.2589,-0.9488,-0.9945,0.03294,0.1334,0.005977,0.0487
0.1826,0.3287,0.5348,0.2345,-1.0453,-0.9725,0.03334,0.1080,0.006087,0.0355
0.1837,0.2922,0.5792,0.3081,-0.9512,-1.0227,0.03373,0.0854,0.006195,0.0250
0.1847,0.2557,0.6079,0.2332,-0.9926,-1.0207,0.03412,0.0654,0.006302,0.0167
0.1857,0.2192,0.4842,0.2914,-1.1290,-1.1046,0.03449,0.0481,0.006406,0.0105
0.1860,0.9675,0.4450,-0.5418,-0.9537,-0.9255,0.03459,0.9360,0.006434,0.9055
0.1867,0.1828,0.6109,0.4312,-0.9894,-1.0293,0.03486,0.0334,0.006510,0.0061
0.1876,0.9284,0.5072,-0.5378,-1.0102,-0.9710,0.03518,0.8620,0.006599,0.8003
0.1877,0.1463,0.5723,0.2700,-0.9629,-1.0163,0.03522,0.0214,0.006610,0.0031
0.1886,0.1099,0.6161,0.4154,-1.0067,-0.9817,0.03556,0.0121,0.006705,0.0013
0.1890,0.8931,0.4504,-0.4403,-0.9833,-0.8881,0.03574,0.7977,0.006756,0.7124
0.1894,0.0735,0.6284,0.3909,-0.8105,-0.9561,0.03585,0.0054,0.006789,0.0004
0.1901,0.0370,0.5773,0.5030,-0.9671,-0.8192,0.03613,0.0014,0.006868,0.0001
0.1905,0.8545,0.4947,-0.3859,-1.1210,-0.8848,0.03631,0.7302,0.006918,0.6239
0.1920,0.8160,0.4721,-0.4546,-1.1012,-0.9105,0.03687,0.6658,0.007080,0.5433
0.1934,0.7776,0.4986,-0.3163,-1.1752,-0.9270,0.03742,0.6047,0.007238,0.4702
0.1948,0.7393,0.5769,-0.3636,-1.1429,-0.9133,0.03796,0.5466,0.007396,0.4041
0.1962,0.7013,0.5504,-0.1530,-0.8674,-0.9194,0.03849,0.4918,0.007551,0.3449
0.1975,0.6635,0.5477,-0.1215,-1.1620,-1.0158,0.03901,0.4403,0.007705,0.2921
0.1988,0.6259,0.5277,-0.2538,-1.1656,-1.0009,0.03951,0.3918,0.007853,0.2453
0.2001,0.5885,0.6046,-0.0958,-0.9246,-0.9667,0.04002,0.3464,0.008006,0.2038
0.2013,0.5512,0.5197,-0.0525,-1.0703,-1.0512,0.04053,0.3039,0.008160,0.1675
0.2025,0.5139,0.4742,-0.0639,-1.0273,-1.0348,0.04102,0.2641,0.008307,0.1358
0.2037,0.4768,0.5494,0.1177,-1.1792,-0.9304,0.04150,0.2273,0.008455,0.1084
0.2049,0.4398,0.4629,0.0275,-1.1287,-0.9477,0.04198,0.1934,0.008600,0.0850
0.2060,0.4029,0.5598,0.0678,-1.0247,-1.0493,0.04243,0.1623,0.008739,0.0654
0.2071,0.3662,0.5744,0.3733,-0.9958,-0.8925,0.04289,0.1341,0.008883,0.0491
0.2082,0.3298,0.6147,0.3057,-0.9908,-0.9778,0.04335,0.1087,0.009025,0.0359
0.2092,0.2933,0.5288,0.2630,-1.0849,-0.9397,0.04378,0.0860,0.009160,0.0252
0.2102,0.2568,0.4230,0.3011,-0.9871,-1.0530,0.04420,0.0660,0.009294,0.0169
0.2113,0.2205,0.4981,0.3247,-1.0822,-1.1024,0.04463,0.0486,0.009429,0.0107
0.2125,0.9679,0.5093,-0.5239,-0.8371,-1.0580,0.04517,0.9369,0.009601,0.9068
0.2122,0.1839,0.5456,0.2761,-1.1943,-1.1101,0.04504,0.0338,0.009558,0.0062
0.2131,0.1475,0.5584,0.4180,-0.9291,-1.0198,0.04542,0.0217,0.009679,0.0032
0.2141,0.9289,0.3986,-0.4579,-0.9175,-0.8611,0.04582,0.8629,0.009809,0.8015
0.2140,0.1110,0.4552,0.4421,-0.9274,-1.0503,0.04578,0.0123,0.009795,0.0014
0.2147,0.0746,0.5048,0.5416,-0.8874,-0.8799,0.04611,0.0056,0.009900,0.0004
0.2154,0.8936,0.4717,-0.4948,-1.0101,-0.8403,0.04641,0.7986,0.009997,0.7137
0.2156,0.0385,0.4699,0.4726,-0.9739,-1.0103,0.04647,0.0015,0.010017,0.0001
0.2168,0.8550,0.5036,-0.3661,-1.0258,-0.9155,0.04702,0.7311,0.010195,0.6251
0.2182,0.8166,0.4795,-0.4906,-1.0550,-0.8753,0.04763,0.6668,0.010395,0.5445
0.2196,0.7782,0.5038,-0.3752,-1.0061,-1.0229,0.04822,0.6057,0.010590,0.4714
0.2209,0.7400,0.6118,-0.2652,-1.0240,-0.8051,0.04881,0.5476,0.010785,0.4052
0.2223,0.7020,0.4432,-0.3263,-1.0937,-0.9360,0.04940,0.4929,0.010979,0.3460
0.2235,0.6643,0.5196,-0.2084,-1.1310,-0.9811,0.04996,0.4413,0.011167,0.2931
0.2247,0.6267,0.4450,-0.0944,-1.0656,-0.7754,0.05051,0.3928,0.011351,0.2462
0.2260,0.5893,0.5438,0.0362,-0.9462,-0.9629,0.05106,0.3473,0.011536,0.2047
0.2271,0.5521,0.5100,-0.0995,-1.0059,-0.9883,0.05159,0.3048,0.011718,0.1682
0.2283,0.5148,0.5566,0.0505,-1.0405,-0.9966,0.05213,0.2650,0.011903,0.1364
0.2295,0.4777,0.4903,0.1160,-1.0197,-1.0141,0.05267,0.2282,0.012086,0.1090
0.2306,0.4407,0.5604,0.1536,-0.9674,-0.9540,0.05317,0.1942,0.012260,0.0856
0.2317,0.4039,0.6365,0.1125,-1.1301,-1.0426,0.05367,0.1632,0.012435,0.0659
0.2328,0.3673,0.4810,0.2791,-1.1106,-1.0375,0.05418,0.1349,0.012611,0.0496
0.2338,0.3308,0.5107,0.2655,-1.0563,-1.0395,0.05466,0.1094,0.012779,0.0362
0.2348,0.2944,0.4914,0.3873,-1.0367,-0.8835,0.05514,0.0867,0.012949,0.0255
0.2358,0.2580,0.4549,0.2889,-1.0326,-1.0979,0.05561,0.0666,0.013114,0.0172
0.2367,0.2216,0.5149,0.3232,-1.1697,-1.0961,0.05605,0.0491,0.013270,0.0109
0.2377,0.1851,0.4396,0.4394,-0.9929,-1.0752,0.05648,0.0343,0.013422,0.0063
0.2390,0.9684,0.4326,-0.5419,-0.8852,-0.9371,0.05711,0.9378,0.013647,0.9082
0.2385,0.1486,0.4948,0.3216,-1.1302,-1.0840,0.05689,0.0221,0.013568,0.0033
0.2394,0.1122,0.4973,0.5400,-0.9894,-1.0507,0.05729,0.0126,0.013713,0.0014
0.2404,0.9295,0.4479,-0.4839,-0.9494,-0.8368,0.05779,0.8639,0.013893,0.8030
0.2402,0.0760,0.4481,0.5310,-0.9948,-1.0879,0.05767,0.0058,0.013850,0.0004
0.2410,0.0401,0.4763,0.4917,-0.9245,-0.8996,0.05810,0.0016,0.014003,0.0001
0.2417,0.8942,0.4510,-0.4916,-1.0086,-0.8311,0.05842,0.7996,0.014121,0.7150
0.2431,0.8556,0.5214,-0.4584,-0.9800,-0.8681,0.05907,0.7321,0.014358,0.6264
0.2444,0.8172,0.3758,-0.2148,-1.0163,-0.7993,0.05971,0.6678,0.014592,0.5458
0.2457,0.7789,0.4798,-0.3522,-1.1233,-0.9719,0.06036,0.6067,0.014831,0.4726
0.2470,0.7407,0.5266,-0.2256,-0.9042,-0.9749,0.06099,0.5486,0.015063,0.4064
0.2482,0.7028,0.4363,-0.3412,-1.0706,-0.9095,0.06161,0.4939,0.015294,0.3471
0.2494,0.6651,0.4854,-0.2563,-1.1422,-1.0349,0.06222,0.4423,0.015519,0.2942
0.2506,0.6275,0.5672,-0.1466,-1.1074,-1.0093,0.06279,0.3938,0.015734,0.2471
0.2517,0.5902,0.4574,-0.1291,-1.0662,-1.0129,0.06337,0.3483,0.015953,0.2056
0.2529,0.5529,0.4443,-0.1601,-0.9382,-0.8963,0.06394,0.3057,0.016168,0.1690
0.2540,0.5157,0.4024,0.0284,-1.0519,-0.9581,0.06450,0.2659,0.016382,0.1371
0.2551,0.4785,0.4961,0.0922,-1.0995,-0.9249,0.06507,0.2290,0.016599,0.1096
0.2562,0.4416,0.5637,0.0244,-1.0202,-1.0740,0.06563,0.1950,0.016812,0.0861
0.2572,0.4049,0.3570,0.1368,-1.1920,-1.1045,0.06616,0.1639,0.017016,0.0664
0.2582,0.3683,0.4644,0.2192,-1.0793,-1.0062,0.06669,0.1356,0.017223,0.0499
0.2593,0.3319,0.4518,0.3054,-1.0433,-1.0774,0.06723,0.1101,0.017431,0.0366
0.2603,0.2955,0.3591,0.3975,-1.0027,-0.9960,0.06774,0.0873,0.017629,0.0258
0.2612,0.2591,0.4882,0.2563,-1.0293,-1.0811,0.06824,0.0671,0.017826,0.0174
0.2621,0.2227,0.3257,0.3701,-0.9793,-0.9944,0.06870,0.0496,0.018009,0.0110
0.2630,0.1862,0.5287,0.3707,-1.1066,-1.0525,0.06918,0.0347,0.018196,0.0065
0.2638,0.1497,0.5154,0.4512,-0.9084,-1.0915,0.06960,0.0224,0.018363,0.0034
0.2647,0.1135,0.4573,0.3955,-0.9158,-1.0456,0.07005,0.0129,0.018540,0.0015
0.2652,0.9690,0.3120,-0.5216,-1.0410,-0.9348,0.07034,0.9389,0.018653,0.9098
0.2655,0.0775,0.2603,0.6253,-0.9522,-0.9815,0.07051,0.0060,0.018724,0.0005
0.2666,0.9300,0.3117,-0.5405,-0.9943,-0.9835,0.07106,0.8650,0.018941,0.8045
0.2664,0.0416,0.4297,0.5627,-0.8925,-1.0748,0.07097,0.0017,0.018906,0.0001
0.2678,0.8948,0.3231,-0.4050,-1.0729,-0.8889,0.07174,0.8007,0.019215,0.7165
0.2691,0.8563,0.5129,-0.5535,-0.9660,-0.9597,0.07244,0.7333,0.019495,0.6279
0.2704,0.8179,0.4107,-0.3184,-1.0032,-0.9473,0.07309,0.6690,0.019761,0.5471
0.2716,0.7796,0.4283,-0.4425,-0.9679,-0.7975,0.07378,0.6078,0.020042,0.4739
0.2729,0.7415,0.3132,-0.3143,-1.1566,-1.0312,0.07445,0.5498,0.020315,0.4076
0.2740,0.7036,0.4554,-0.1245,-1.0835,-0.9457,0.07510,0.4950,0.020580,0.3483
0.2752,0.6659,0.3986,-0.2825,-1.1204,-1.0412,0.07572,0.4434,0.020837,0.2953
0.2763,0.6284,0.3310,-0.1714,-1.1904,-0.8758,0.07634,0.3949,0.021094,0.2481
0.2774,0.5910,0.4144,-0.1899,-1.0805,-0.9549,0.07694,0.3493,0.021340,0.2065
0.2785,0.5538,0.3981,-0.0942,-1.0938,-0.9457,0.07754,0.3067,0.021590,0.1698
0.2795,0.5166,0.3759,-0.0844,-0.9390,-0.9795,0.07814,0.2669,0.021844,0.1379
0.2806,0.4795,0.4843,0.0224,-0.9181,-1.0196,0.07874,0.2299,0.022096,0.1103
0.2816,0.4426,0.3532,0.0277,-1.1579,-0.9650,0.07932,0.1959,0.022339,0.0867
0.2826,0.4059,0.3774,0.1118,-1.0982,-0.9132,0.07988,0.1647,0.022577,0.0669
0.2836,0.3693,0.3920,0.1798,-1.0813,-1.0241,0.08044,0.1363,0.022814,0.0503
0.2846,0.3329,0.4056,0.2570,-1.0559,-1.0945,0.08101,0.1108,0.023056,0.0369
0.2856,0.2966,0.4780,0.2716,-1.0963,-1.1165,0.08156,0.0879,0.023292,0.0261
0.2865,0.2602,0.3586,0.3908,-0.9779,-1.1391,0.08210,0.0677,0.023524,0.0176
0.2874,0.2239,0.2841,0.4391,-0.9971,-1.1415,0.08260,0.0501,0.023739,0.0112
0.2882,0.1873,0.4862,0.4431,-1.1597,-1.0930,0.08308,0.0351,0.023948,0.0066
0.2891,0.1509,0.5368,0.5203,-1.0258,-1.1033,0.08355,0.0228,0.024152,0.0034
0.2899,0.1148,0.3756,0.5793,-1.0830,-1.0781,0.08406,0.0132,0.024373,0.0015
0.2907,0.0789,0.3415,0.5275,-0.9482,-1.0619,0.08454,0.0062,0.024579,0.0005
0.2914,0.9696,0.2782,-0.6009,-1.0719,-0.9748,0.08491,0.9401,0.024744,0.9115
0.2916,0.0429,0.2662,0.6421,-0.9748,-1.0250,0.08502,0.0018,0.024791,0.0001
0.2927,0.9307,0.3870,-0.5240,-0.9070,-0.9730,0.08567,0.8661,0.025074,0.8061
0.2939,0.8955,0.3733,-0.5980,-0.9976,-0.9802,0.08638,0.8019,0.025387,0.7181
0.2951,0.8570,0.4141,-0.3105,-0.9553,-0.8634,0.08711,0.7344,0.025710,0.6293
0.2963,0.8186,0.2327,-0.3725,-1.0681,-0.8372,0.08781,0.6701,0.026022,0.5486
0.2975,0.7804,0.4455,-0.3296,-1.0519,-0.9803,0.08852,0.6090,0.026337,0.4752
0.2987,0.7422,0.4532,-0.2509,-1.1120,-0.8287,0.08920,0.5509,0.026643,0.4089
0.2998,0.7043,0.3699,-0.2713,-1.1401,-0.9166,0.08989,0.4961,0.026952,0.3494
0.3009,0.6667,0.3781,-0.2243,-1.0043,-0.9117,0.09054,0.4444,0.027242,0.2963
0.3019,0.6292,0.4005,-0.2137,-1.0599,-1.0826,0.09116,0.3959,0.027522,0.2491
0.3030,0.5919,0.1910,-0.0963,-1.1349,-1.0883,0.09181,0.3503,0.027817,0.2073
0.3041,0.5547,0.2564,-0.0198,-1.0350,-0.9267,0.09246,0.3077,0.028115,0.1707
0.3051,0.5175,0.5387,0.0422,-1.0423,-0.9567,0.09307,0.2678,0.028391,0.1386
0.3061,0.4804,0.4131,0.1620,-1.1508,-0.9775,0.09369,0.2308,0.028677,0.1109
0.3071,0.4436,0.3562,0.1624,-1.0420,-0.8885,0.09431,0.1968,0.028963,0.0873
0.3080,0.4068,0.4481,0.0680,-0.9961,-1.0611,0.09488,0.1655,0.029228,0.0673
0.3090,0.3703,0.4089,0.2927,-1.0455,-1.0245,0.09546,0.1371,0.029496,0.0508
0.3100,0.3339,0.3443,0.0849,-0.9530,-1.1265,0.09607,0.1115,0.029778,0.0372
0.3109,0.2976,0.3841,0.3417,-1.0736,-1.1552,0.09664,0.0886,0.030043,0.0264
0.3118,0.2613,0.1799,0.2895,-1.1726,-1.0796,0.09722,0.0683,0.030314,0.0178
0.3126,0.2249,0.4650,0.3870,-1.0597,-1.0381,0.09773,0.0506,0.030553,0.0114
0.3135,0.1884,0.4602,0.5448,-0.9763,-1.1469,0.09826,0.0355,0.030799,0.0067
0.3143,0.1522,0.3623,0.5074,-0.8635,-1.0382,0.09879,0.0232,0.031048,0.0035
0.3151,0.1160,0.2702,0.6819,-0.9714,-1.1225,0.09930,0.0135,0.031290,0.0016
0.3159,0.0801,0.2762,0.4113,-0.9517,-1.1382,0.09980,0.0064,0.031530,0.0005
0.3167,0.0441,0.3425,0.4697,-0.9001,-1.1055,0.10031,0.0019,0.031769,0.0001
0.3176,0.9702,0.3318,-0.5194,-0.9657,-0.7349,0.10088,0.9413,0.032043,0.9132
0.3188,0.9313,0.3199,-0.5457,-0.9789,-0.9630,0.10166,0.8674,0.032411,0.8078
0.3200,0.8962,0.3304,-0.3741,-0.8946,-0.7656,0.10239,0.8031,0.032762,0.7197
0.3212,0.8577,0.2060,-0.3943,-1.0263,-0.9688,0.10315,0.7357,0.033127,0.6310
0.3223,0.8194,0.3545,-0.3639,-1.0728,-0.8395,0.10388,0.6713,0.033482,0.5501
0.3234,0.7811,0.3322,-0.3888,-0.9724,-0.9284,0.10461,0.6102,0.033833,0.4766
0.3245,0.7430,0.2824,-0.2449,-0.9989,-0.8962,0.10532,0.5520,0.034181,0.4101
0.3256,0.7051,0.3347,-0.1812,-1.0138,-0.8802,0.10603,0.4972,0.034524,0.3506
0.3266,0.6675,0.1591,-0.2672,-1.0438,-0.9643,0.10669,0.4456,0.034848,0.2974
0.3276,0.6301,0.3834,-0.0676,-1.0724,-0.8515,0.10735,0.3970,0.035175,0.2501
0.3287,0.5928,0.4058,-0.1556,-1.1522,-0.9581,0.10802,0.3514,0.035502,0.2083
0.3297,0.5556,0.3699,-0.1603,-1.0273,-0.9907,0.10868,0.3087,0.035827,0.1715
0.3306,0.5185,0.3953,-0.0008,-0.9475,-1.0043,0.10933,0.2688,0.036149,0.1394
0.3316,0.4814,0.3813,0.0552,-1.1829,-0.9925,0.10997,0.2317,0.036468,0.1116
0.3325,0.4445,0.3007,0.1433,-0.9303,-0.9783,0.11058,0.1976,0.036774,0.0878
0.3335,0.4078,0.2891,0.1088,-1.1245,-1.0356,0.11120,0.1663,0.037083,0.0678
0.3344,0.3713,0.2751,0.1114,-1.1594,-1.1143,0.11182,0.1379,0.037390,0.0512
0.3353,0.3350,0.3453,0.0405,-1.0819,-1.1189,0.11243,0.1122,0.037701,0.0376
0.3362,0.2987,0.2714,0.2045,-1.0663,-1.0825,0.11302,0.0892,0.037996,0.0266
0.3371,0.2623,0.2590,0.3609,-1.1591,-1.0410,0.11361,0.0688,0.038291,0.0180
0.3379,0.2260,0.3523,0.3007,-1.0650,-1.0667,0.11416,0.0511,0.038570,0.0115
0.3387,0.1896,0.3218,0.4766,-1.0496,-1.1767,0.11470,0.0359,0.038846,0.0068
0.3395,0.1533,0.3746,0.4994,-0.8485,-1.0119,0.11525,0.0235,0.039127,0.0036
0.3403,0.1172,0.2841,0.6137,-0.9591,-1.1914,0.11581,0.0137,0.039411,0.0016
0.3411,0.0812,0.1754,0.5523,-0.9667,-1.0518,0.11632,0.0066,0.039671,0.0005
0.3418,0.0452,0.2318,0.5162,-1.0165,-1.1379,0.11686,0.0020,0.039947,0.0001
0.3438,0.9708,0.2619,-0.4014,-0.9500,-0.8529,0.11817,0.9425,0.040624,0.9151
0.3449,0.9320,0.1926,-0.5712,-1.1372,-0.8692,0.11896,0.8686,0.041031,0.8096
0.3460,0.8969,0.2442,-0.4440,-1.0311,-0.8100,0.11972,0.8044,0.041425,0.7215
0.3471,0.8584,0.3623,-0.5336,-0.9644,-0.9963,0.12048,0.7369,0.041821,0.6326
0.3482,0.8201,0.3174,-0.2955,-0.9298,-0.9745,0.12125,0.6726,0.042219,0.5516
0.3493,0.7819,0.2257,-0.3750,-1.0191,-0.7492,0.12199,0.6113,0.042608,0.4780
0.3503,0.7438,0.2600,-0.2245,-1.1165,-0.8447,0.12271,0.5532,0.042987,0.4114
0.3513,0.7060,0.2907,-0.2622,-1.1268,-0.9681,0.12344,0.4984,0.043369,0.3518
0.3523,0.6683,0.1698,-0.1877,-1.1108,-0.9538,0.12412,0.4467,0.043728,0.2985
0.3533,0.6309,0.3327,-0.1312,-1.0258,-0.9656,0.12480,0.3981,0.044088,0.2511
0.3542,0.5936,0.2019,-0.0417,-1.1130,-0.9402,0.12549,0.3524,0.044452,0.2092
0.3552,0.5565,0.2935,-0.0697,-1.0892,-1.0269,0.12618,0.3097,0.044820,0.1724
0.3561,0.5194,0.1799,-0.0929,-1.1244,-0.9608,0.12684,0.2698,0.045174,0.1401
0.3570,0.4824,0.3173,-0.0321,-1.0402,-0.8754,0.12748,0.2327,0.045517,0.1122
0.3580,0.4455,0.2906,-0.0500,-1.0490,-1.0136,0.12813,0.1985,0.045867,0.0884
0.3588,0.4088,0.1461,0.0681,-1.1560,-1.0424,0.12876,0.1671,0.046204,0.0683
0.3597,0.3723,0.2626,0.2168,-1.0028,-1.1238,0.12939,0.1386,0.046542,0.0516
0.3606,0.3360,0.2455,0.1511,-0.9858,-1.0551,0.13003,0.1129,0.046891,0.0379
0.3614,0.2997,0.1848,0.2101,-1.0380,-1.0647,0.13063,0.0898,0.047215,0.0269
0.3623,0.2633,0.2413,0.1936,-1.0756,-1.1048,0.13124,0.0693,0.047542,0.0183
0.3631,0.2270,0.2267,0.3448,-1.1580,-1.1345,0.13183,0.0515,0.047864,0.0117
0.3639,0.1907,0.2329,0.4994,-1.0597,-1.1505,0.13240,0.0364,0.048177,0.0069
0.3647,0.1544,0.3345,0.5689,-0.9121,-0.9475,0.13297,0.0238,0.048490,0.0037
0.3654,0.1183,0.3555,0.5133,-1.0300,-1.2430,0.13354,0.0140,0.048801,0.0017
0.3662,0.0823,0.3574,0.4340,-0.9620,-0.9666,0.13408,0.0068,0.049095,0.0006
0.3669,0.0462,0.2581,0.6965,-0.9678,-1.0139,0.13462,0.0021,0.049395,0.0001
0.3698,0.9716,0.0407,-0.4752,-1.0622,-0.9593,0.13674,0.9439,0.050565,0.9171
0.3709,0.9327,0.1936,-0.5486,-1.0194,-0.9105,0.13757,0.8700,0.051023,0.8114
0.3719,0.8976,0.1712,-0.5326,-0.8966,-0.8807,0.13832,0.8057,0.051443,0.7232
0.3729,0.8592,0.2166,-0.3332,-0.9585,-0.8947,0.13909,0.7382,0.051874,0.6342
0.3740,0.8208,0.2526,-0.3244,-0.9166,-0.9549,0.13985,0.6738,0.052299,0.5531
0.3750,0.7826,0.2001,-0.3104,-0.9732,-0.9015,0.14060,0.6125,0.052719,0.4794
0.3760,0.7445,0.1861,-0.3500,-1.1168,-0.8582,0.14135,0.5543,0.053144,0.4127
0.3769,0.7067,0.1848,-0.1685,-0.9488,-0.7408,0.14208,0.4995,0.053555,0.3530
0.3779,0.6691,0.1876,-0.3310,-1.0813,-0.8951,0.14278,0.4478,0.053953,0.2996
0.3788,0.6318,0.2554,-0.1150,-1.0118,-0.9603,0.14348,0.3991,0.054351,0.2521
0.3797,0.5945,0.1474,-0.1071,-0.9813,-1.1153,0.14418,0.3535,0.054745,0.2102
0.3806,0.5574,0.1973,-0.1391,-1.0553,-0.9636,0.14488,0.3107,0.055145,0.1732
0.3815,0.5203,0.1408,0.1343,-0.9989,-1.0086,0.14556,0.2707,0.055533,0.1408
0.3824,0.4833,0.3754,0.0002,-1.0674,-0.9727,0.14622,0.2336,0.055910,0.1129
0.3832,0.4464,0.1170,0.0461,-1.0989,-1.0073,0.14688,0.1993,0.056292,0.0890
0.3841,0.4098,0.1920,0.1282,-1.0949,-1.0137,0.14751,0.1679,0.056652,0.0688
0.3849,0.3732,0.2952,0.2022,-0.9273,-1.0730,0.14816,0.1393,0.057028,0.0520
0.3858,0.3369,0.3036,0.3883,-1.0055,-1.0500,0.14881,0.1135,0.057405,0.0382
0.3866,0.3006,0.2071,0.1680,-0.9958,-0.9975,0.14944,0.0904,0.057768,0.0272
0.3874,0.2643,0.2482,0.2437,-0.9957,-1.0646,0.15005,0.0699,0.058123,0.0185
0.3881,0.2281,0.2164,0.2987,-0.9702,-1.1058,0.15066,0.0520,0.058478,0.0119
0.3889,0.1917,0.2282,0.4483,-0.9965,-1.2627,0.15126,0.0368,0.058825,0.0070
0.3897,0.1555,0.1798,0.5080,-1.0327,-1.0566,0.15185,0.0242,0.059173,0.0038
0.3904,0.1194,0.1415,0.5924,-1.0232,-1.0932,0.15245,0.0143,0.059521,0.0017
0.3911,0.0834,0.1682,0.3973,-0.9533,-1.1574,0.15298,0.0070,0.059837,0.0006
0.3918,0.0473,0.2254,0.5639,-0.9782,-1.2387,0.15354,0.0022,0.060166,0.0001
0.3958,0.9723,0.1522,-0.6028,-0.9823,-0.9810,0.15665,0.9454,0.062000,0.9192
0.3968,0.9335,0.2164,-0.6435,-0.9997,-0.9478,0.15747,0.8714,0.062486,0.8135
0.3978,0.8984,0.2761,-0.3833,-0.8936,-0.9153,0.15821,0.8071,0.062927,0.7250
0.3987,0.8599,0.2502,-0.3646,-1.1434,-0.8915,0.15899,0.7395,0.063396,0.6359
0.3997,0.8216,0.1271,-0.3672,-1.0180,-0.8108,0.15975,0.6751,0.063849,0.5547
0.4006,0.7834,0.2158,-0.4226,-0.9960,-0.8605,0.16050,0.6138,0.064298,0.4808
0.4016,0.7453,0.1292,-0.3005,-1.0055,-0.9636,0.16125,0.5555,0.064751,0.4141
0.4025,0.7075,0.2699,-0.2970,-0.9550,-0.9661,0.16199,0.5006,0.065195,0.3542
0.4033,0.6699,0.2618,-0.1107,-0.9927,-0.8811,0.16268,0.4488,0.065617,0.3007
0.4042,0.6326,0.1388,-0.1621,-0.9829,-1.0487,0.16340,0.4001,0.066048,0.2531
0.4051,0.5953,0.0375,-0.1336,-1.1078,-0.9571,0.16411,0.3544,0.066484,0.2110
0.4060,0.5582,0.2351,-0.0756,-0.8731,-0.9237,0.16481,0.3116,0.066906,0.1740
0.4068,0.5212,0.2814,-0.0673,-0.9576,-0.9779,0.16550,0.2716,0.067325,0.1416
0.4076,0.4842,0.2287,-0.0261,-1.0085,-1.0765,0.16618,0.2344,0.067742,0.1135
0.4085,0.4473,0.2160,0.0601,-1.0452,-0.9090,0.16684,0.2001,0.068148,0.0895
0.4093,0.4107,0.0719,0.2460,-1.1024,-1.1142,0.16751,0.1687,0.068559,0.0693
0.4101,0.3742,0.1586,0.1370,-1.0875,-1.0452,0.16817,0.1400,0.068964,0.0524
0.4109,0.3379,0.0319,0.3096,-0.9281,-1.1808,0.16884,0.1142,0.069374,0.0386
0.4117,0.3016,0.1860,0.2365,-1.0001,-1.0251,0.16947,0.0910,0.069766,0.0274
0.4124,0.2653,0.1359,0.2827,-1.0133,-1.2411,0.17011,0.0704,0.070160,0.0187
0.4132,0.2290,0.1513,0.2394,-0.9852,-1.0210,0.17074,0.0525,0.070550,0.0120
0.4140,0.1928,-0.0277,0.3523,-1.1515,-1.1681,0.17136,0.0372,0.070934,0.0072
0.4147,0.1565,0.1525,0.4219,-0.9786,-1.1458,0.17197,0.0245,0.071315,0.0038
0.4154,0.1205,-0.0467,0.5187,-1.0493,-1.2014,0.17260,0.0145,0.071705,0.0017
0.4161,0.0845,0.1857,0.4346,-0.8663,-1.1257,0.17316,0.0071,0.072057,0.0006
0.4168,0.0484,0.2200,0.6128,-0.9853,-1.2284,0.17373,0.0023,0.072414,0.0001
0.4218,0.9731,0.1670,-0.5427,-0.8834,-0.9660,0.17789,0.9469,0.075026,0.9214
0.4227,0.9343,0.0934,-0.4226,-0.9984,-0.9099,0.17869,0.8729,0.075534,0.8155
0.4236,0.8992,0.0519,-0.4551,-1.1126,-0.7765,0.17947,0.8085,0.076030,0.7270
0.4245,0.8608,0.1062,-0.3470,-1.0047,-0.7559,0.18022,0.7409,0.076505,0.6377
0.4254,0.8224,0.1235,-0.4316,-1.0303,-0.8578,0.18097,0.6764,0.076984,0.5563
0.4263,0.7843,0.1061,-0.3420,-0.9805,-0.9357,0.18174,0.6151,0.077480,0.4824
0.4272,0.7462,0.1517,-0.3140,-0.9272,-0.9043,0.18246,0.5568,0.077937,0.4155
0.4280,0.7084,0.1617,-0.2235,-0.9556,-0.7511,0.18319,0.5018,0.078406,0.3555
0.4288,0.6708,0.1976,-0.2942,-0.8725,-0.9544,0.18389,0.4500,0.078854,0.3018
0.4297,0.6334,0.0645,-0.1611,-1.0179,-0.8256,0.18460,0.4012,0.079316,0.2541
0.4305,0.5962,0.1662,-0.1716,-1.1200,-1.0799,0.18531,0.3554,0.079771,0.2119
0.4313,0.5591,0.1427,-0.1588,-1.1426,-1.0051,0.18602,0.3126,0.080229,0.1747
0.4321,0.5220,0.1026,-0.0415,-1.0624,-0.9084,0.18670,0.2725,0.080669,0.1422
0.4329,0.4850,0.0222,-0.0116,-1.0072,-0.9464,0.18739,0.2352,0.081121,0.1141
0.4337,0.4482,0.0045,0.0717,-1.0975,-0.9627,0.18805,0.2009,0.081550,0.0900
0.4344,0.4116,-0.0243,0.0267,-1.0845,-0.9928,0.18873,0.1694,0.081989,0.0697
0.4352,0.3751,0.0578,0.1578,-1.1142,-1.0155,0.18940,0.1407,0.082430,0.0528
0.4360,0.3388,0.0695,0.1031,-1.1387,-1.1183,0.19008,0.1148,0.082873,0.0389
0.4367,0.3026,0.1124,0.2473,-1.0568,-1.0618,0.19074,0.0915,0.083302,0.0277
0.4375,0.2663,0.0439,0.4193,-1.0010,-1.0775,0.19138,0.0709,0.083724,0.0189
0.4382,0.2300,0.0790,0.3291,-1.0041,-1.2301,0.19202,0.0529,0.084140,0.0122
0.4389,0.1937,0.1087,0.3148,-0.9903,-1.0520,0.19263,0.0375,0.084547,0.0073
0.4396,0.1575,0.0982,0.4764,-1.0019,-1.2251,0.19327,0.0248,0.084965,0.0039
0.4404,0.1215,0.1384,0.5172,-0.8801,-1.1118,0.19391,0.0148,0.085388,0.0018
0.4410,0.0855,0.2442,0.6609,-1.0548,-1.0072,0.19449,0.0073,0.085770,0.0006
0.4417,0.0496,0.0427,0.5594,-0.8741,-1.0663,0.19509,0.0025,0.086171,0.0001
0.4479,0.9739,0.0238,-0.6350,-0.8985,-1.0176,0.20058,0.9485,0.089829,0.9237
0.4487,0.9351,0.0208,-0.5565,-0.9468,-0.8452,0.20135,0.8744,0.090352,0.8176
0.4496,0.9000,0.0932,-0.4243,-1.0736,-0.8543,0.20212,0.8100,0.090872,0.7290
0.4504,0.8616,0.0151,-0.3927,-0.8772,-1.0154,0.20287,0.7423,0.091374,0.6396
0.4512,0.8233,0.1035,-0.2639,-0.9118,-0.7136,0.20361,0.6778,0.091876,0.5580
0.4521,0.7851,0.1030,-0.4100,-0.9402,-0.8942,0.20437,0.6164,0.092389,0.4840
0.4529,0.7471,0.0787,-0.1823,-1.0431,-1.0591,0.20509,0.5581,0.092880,0.4169
0.4537,0.7093,0.1552,-0.3502,-0.9442,-0.8638,0.20582,0.5031,0.093374,0.3568
0.4544,0.6717,0.1342,-0.2377,-0.9178,-0.9217,0.20651,0.4512,0.093844,0.3030
0.4552,0.6343,0.1326,-0.2023,-0.9553,-0.9845,0.20719,0.4023,0.094306,0.2552
0.4559,0.5971,0.1142,-0.2503,-0.9972,-0.9635,0.20788,0.3565,0.094783,0.2129
0.4567,0.5600,0.0329,0.0481,-0.9737,-0.9538,0.20860,0.3136,0.095276,0.1756
0.4575,0.5229,0.0471,0.0013,-0.9204,-1.0898,0.20927,0.2734,0.095733,0.1430
0.4582,0.4859,0.0845,0.0069,-0.9681,-1.0846,0.20996,0.2361,0.096207,0.1147
0.4590,0.4491,0.0722,0.0058,-0.9584,-0.8993,0.21064,0.2017,0.096675,0.0906
0.4597,0.4125,0.0163,0.1793,-0.9516,-1.0625,0.21129,0.1701,0.097121,0.0702
0.4604,0.3760,-0.0907,0.2703,-1.0112,-1.1234,0.21197,0.1414,0.097594,0.0532
0.4612,0.3397,0.0011,0.3111,-1.1541,-1.0054,0.21268,0.1154,0.098085,0.0392
0.4619,0.3035,-0.0028,0.2307,-1.1228,-1.0352,0.21333,0.0921,0.098530,0.0280
0.4626,0.2672,0.0145,0.2965,-1.0359,-1.1025,0.21398,0.0714,0.098980,0.0191
0.4633,0.2309,0.1249,0.5177,-0.9002,-1.0459,0.21460,0.0533,0.099414,0.0123
0.4640,0.1946,0.1113,0.5491,-0.9297,-1.1671,0.21525,0.0379,0.099868,0.0074
0.4646,0.1584,0.1212,0.3991,-1.0694,-1.0460,0.21589,0.0251,0.100314,0.0040
0.4653,0.1224,0.2471,0.4166,-0.8961,-1.1562,0.21654,0.0150,0.100764,0.0018
0.4660,0.0865,0.1384,0.4873,-0.9154,-1.2600,0.21715,0.0075,0.101192,0.0006
0.4666,0.0505,-0.0729,0.5954,-0.9287,-1.1093,0.21776,0.0025,0.101616,0.0001
0.4739,0.9747,-0.0107,-0.4152,-1.0412,-0.9444,0.22460,0.9501,0.106441,0.9261
0.4747,0.9359,0.0172,-0.3806,-1.0399,-0.8359,0.22536,0.8760,0.106980,0.8199
0.4755,0.9009,0.0844,-0.5135,-1.0501,-0.9398,0.22608,0.8115,0.107499,0.7311
0.4763,0.8624,-0.0616,-0.2906,-0.9595,-0.7756,0.22681,0.7438,0.108021,0.6415
0.4770,0.8241,0.0584,-0.4778,-1.0071,-0.9115,0.22754,0.6792,0.108540,0.5598
0.4778,0.7860,0.0139,-0.3943,-0.9920,-0.8632,0.22828,0.6178,0.109068,0.4856
0.4785,0.7479,0.1093,-0.3493,-0.9855,-0.7863,0.22899,0.5594,0.109579,0.4184
0.4793,0.7101,0.0885,-0.2519,-1.0397,-0.8330,0.22969,0.5043,0.110081,0.3581
0.4800,0.6726,0.1089,-0.1652,-0.8802,-0.8892,0.23036,0.4523,0.110566,0.3042
0.4807,0.6352,0.0456,-0.1990,-0.8114,-0.9201,0.23104,0.4035,0.111054,0.2563
0.4814,0.5979,-0.0666,-0.0907,-1.0602,-0.9574,0.23174,0.3575,0.111555,0.2138
0.4821,0.5609,0.0601,-0.2010,-0.9921,-1.0517,0.23243,0.3146,0.112054,0.1764
0.4828,0.5238,0.0974,-0.0877,-0.9517,-0.9633,0.23310,0.2743,0.112541,0.1437
0.4835,0.4868,0.0606,-0.0050,-0.9184,-0.9519,0.23378,0.2369,0.113033,0.1153
0.4842,0.4500,0.0762,0.0728,-0.8618,-1.1188,0.23447,0.2025,0.113536,0.0911
0.4849,0.4133,-0.0304,0.1368,-0.9899,-0.9317,0.23514,0.1708,0.114019,0.0706
0.4856,0.3769,-0.0366,0.1298,-1.0750,-0.9969,0.23582,0.1420,0.114514,0.0535
0.4863,0.3406,0.0286,0.2767,-0.9603,-1.0619,0.23650,0.1160,0.115010,0.0395
0.4870,0.3043,0.0992,0.2858,-0.9041,-1.0231,0.23716,0.0926,0.115493,0.0282
0.4877,0.2681,0.1260,0.2988,-0.7853,-1.2585,0.23782,0.0719,0.115974,0.0193
0.4883,0.2318,-0.0348,0.3386,-1.0335,-1.0503,0.23846,0.0537,0.116442,0.0125
0.4890,0.1954,0.0906,0.3317,-0.8686,-1.1757,0.23910,0.0382,0.116912,0.0075
0.4896,0.1592,-0.0062,0.5260,-0.8583,-1.1273,0.23975,0.0253,0.117395,0.0040
0.4903,0.1231,0.0467,0.4619,-0.9364,-1.1600,0.24039,0.0152,0.117863,0.0019
0.4909,0.0872,0.1325,0.5761,-0.8677,-1.0501,0.24101,0.0076,0.118316,0.0007
0.4916,0.0512,0.0119,0.5855,-0.8899,-1.1074,0.24165,0.0026,0.118790,0.0001
0.4998,0.9757,-0.0296,-0.7075,-0.8808,-0.8307,0.24983,0.9519,0.124872,0.9287
0.5006,0.9368,-0.0077,-0.4702,-0.9465,-0.9009,0.25058,0.8777,0.125435,0.8222
0.5013,0.9017,-0.1174,-0.3214,-0.9109,-0.7541,0.25129,0.8131,0.125971,0.7332
0.5020,0.8633,-0.1678,-0.3611,-1.0547,-0.9094,0.25199,0.7453,0.126496,0.6435
0.5027,0.8250,-0.0768,-0.4217,-0.9186,-0.7867,0.25270,0.6807,0.127027,0.5616
0.5034,0.7869,0.0052,-0.3875,-0.9298,-0.8159,0.25341,0.6192,0.127569,0.4873
0.5041,0.7489,-0.0019,-0.3574,-0.8689,-0.9266,0.25409,0.5608,0.128084,0.4199
0.5047,0.7111,-0.0753,-0.3876,-0.7419,-1.0191,0.25477,0.5056,0.128593,0.3595
0.5054,0.6735,-0.0086,-0.3332,-1.0081,-0.8713,0.25544,0.4536,0.129105,0.3055
0.5061,0.6361,-0.0209,-0.3021,-0.9402,-0.8355,0.25611,0.4046,0.129609,0.2574
0.5067,0.5989,-0.0147,-0.1541,-0.9170,-1.0008,0.25678,0.3587,0.130118,0.2148
0.5074,0.5618,-0.0061,-0.1141,-1.0420,-0.9155,0.25747,0.3156,0.130647,0.1773
0.5081,0.5247,0.1053,-0.0159,-0.8875,-0.9496,0.25812,0.2753,0.131142,0.1445
0.5087,0.4877,0.0400,0.1374,-0.7689,-0.8705,0.25882,0.2378,0.131675,0.1160
0.5094,0.4509,-0.0016,0.1761,-0.8809,-1.0562,0.25948,0.2033,0.132173,0.0917
0.5100,0.4142,0.0039,0.1741,-1.0574,-0.8996,0.26014,0.1716,0.132680,0.0711
0.5107,0.3777,0.0258,0.1439,-0.9230,-1.0757,0.26081,0.1427,0.133191,0.0539
0.5114,0.3415,0.0601,0.0759,-0.8783,-1.1305,0.26150,0.1166,0.133721,0.0398
0.5120,0.3053,-0.0192,0.2768,-0.9626,-1.1735,0.26217,0.0932,0.134240,0.0285
0.5127,0.2690,0.0437,0.3428,-1.0292,-1.1807,0.26283,0.0724,0.134748,0.0195
0.5133,0.2328,0.0538,0.3763,-0.8976,-1.1972,0.26348,0.0542,0.135242,0.0126
0.5139,0.1964,0.0024,0.4237,-0.8486,-1.0023,0.26410,0.0386,0.135724,0.0076
0.5145,0.1601,-0.0018,0.3759,-0.8840,-1.1118,0.26475,0.0256,0.136222,0.0041
0.5152,0.1240,-0.0068,0.4900,-0.9163,-1.0906,0.26544,0.0154,0.136756,0.0019
0.5158,0.0881,-0.0729,0.4464,-0.9668,-1.1887,0.26604,0.0078,0.137221,0.0007
0.5164,0.0521,-0.0674,0.5930,-0.9254,-1.1824,0.26669,0.0027,0.137727,0.0001
0.5258,0.9766,-0.0834,-0.5775,-0.9493,-0.8731,0.27648,0.9537,0.145375,0.9313
0.5265,0.9378,-0.0172,-0.5467,-0.9066,-1.0159,0.27717,0.8794,0.145925,0.8247
0.5271,0.9027,-0.0964,-0.5794,-0.9357,-1.0605,0.27786,0.8148,0.146469,0.7355
0.5278,0.8643,0.0244,-0.3772,-0.8746,-0.9259,0.27854,0.7469,0.147006,0.6455
0.5284,0.8260,-0.0330,-0.3703,-0.9266,-0.7398,0.27920,0.6822,0.147530,0.5635
0.5290,0.7878,-0.0650,-0.4632,-1.0282,-0.8669,0.27989,0.6207,0.148072,0.4890
0.5297,0.7498,-0.1359,-0.3874,-0.9439,-1.0422,0.28056,0.5621,0.148605,0.4215
0.5303,0.7120,-0.0446,-0.3339,-0.8652,-0.9519,0.28121,0.5069,0.149123,0.3609
0.5309,0.6744,0.0328,-0.2307,-0.9061,-0.9687,0.28184,0.4548,0.149628,0.3067
0.5315,0.6370,-0.0330,-0.1833,-0.8342,-1.0040,0.28249,0.4058,0.150142,0.2585
0.5321,0.5998,-0.1606,-0.1301,-0.9843,-1.0200,0.28316,0.3597,0.150676,0.2158
0.5328,0.5627,0.0239,-0.0825,-0.8977,-0.9597,0.28383,0.3166,0.151209,0.1782
0.5334,0.5257,-0.1286,0.0478,-0.9453,-1.0481,0.28447,0.2763,0.151725,0.1453
0.5340,0.4887,-0.0326,0.1726,-0.9181,-1.0654,0.28513,0.2388,0.152256,0.1167
0.5346,0.4519,-0.0396,0.0445,-0.9510,-0.9812,0.28580,0.2042,0.152789,0.0923
0.5352,0.4151,-0.0893,0.1394,-0.9458,-1.1280,0.28645,0.1723,0.153312,0.0715
0.5358,0.3786,-0.0901,0.1344,-0.8497,-1.0497,0.28711,0.1434,0.153842,0.0543
0.5365,0.3424,0.0578,0.2154,-0.9870,-1.0312,0.28780,0.1173,0.154399,0.0402
0.5371,0.3062,-0.0178,0.2526,-0.9131,-1.0685,0.28846,0.0938,0.154925,0.0287
0.5377,0.2700,-0.1474,0.2730,-1.0427,-0.9812,0.28912,0.0729,0.155458,0.0197
0.5383,0.2337,0.1005,0.4508,-0.9392,-1.0326,0.28975,0.0546,0.155968,0.0128
0.5389,0.1974,-0.0899,0.4060,-0.8635,-1.1762,0.29040,0.0390,0.156497,0.0077
0.5395,0.1611,0.0094,0.3644,-0.9637,-1.0777,0.29108,0.0260,0.157042,0.0042
0.5401,0.1250,0.0278,0.5243,-0.7746,-1.3068,0.29174,0.0156,0.157579,0.0020
0.5407,0.0890,-0.1056,0.5608,-1.0026,-1.0315,0.29237,0.0079,0.158091,0.0007
0.5413,0.0530,-0.0417,0.5259,-0.8480,-0.9817,0.29302,0.0028,0.158616,0.0001
0.5518,0.9775,0.0163,-0.4854,-1.0007,-0.8915,0.30446,0.9555,0.167992,0.9340
0.5524,0.9387,-0.0728,-0.4478,-0.8471,-0.8721,0.30511,0.8811,0.168537,0.8271
0.5529,0.9036,-0.0574,-0.4391,-0.9170,-0.8520,0.30573,0.8165,0.169047,0.7378
0.5535,0.8652,-0.1941,-0.4103,-0.8861,-0.7661,0.30637,0.7485,0.169578,0.6476
0.5541,0.8269,-0.0250,-0.3631,-0.8457,-0.9785,0.30700,0.6837,0.170102,0.5653
0.5546,0.7887,-0.0464,-0.3313,-0.9088,-0.9030,0.30763,0.6221,0.170623,0.4906
0.5552,0.7507,-0.0521,-0.3605,-0.8645,-0.8819,0.30827,0.5635,0.171156,0.4230
0.5558,0.7129,-0.0774,-0.2254,-1.0091,-0.8225,0.30890,0.5082,0.171679,0.3623
0.5563,0.6753,-0.1426,-0.2165,-0.9053,-0.9518,0.30951,0.4560,0.172194,0.3080
0.5569,0.6379,-0.1756,-0.1762,-1.0670,-0.9423,0.31014,0.4070,0.172718,0.2596
0.5575,0.6007,-0.1357,0.0202,-0.9081,-1.0475,0.31078,0.3608,0.173256,0.2167
0.5580,0.5636,-0.0477,-0.0348,-0.8510,-1.0431,0.31142,0.3177,0.173784,0.1790
0.5586,0.5266,-0.2608,-0.0284,-0.8083,-0.9622,0.31205,0.2773,0.174320,0.1460
0.5592,0.4896,-0.0096,0.0680,-0.8777,-0.9826,0.31270,0.2397,0.174861,0.1174
0.5598,0.4527,-0.1977,-0.0026,-0.8398,-1.0618,0.31337,0.2049,0.175422,0.0928
0.5604,0.4160,-0.0933,0.1321,-0.9750,-1.0478,0.31402,0.1730,0.175973,0.0720
0.5610,0.3795,-0.1497,0.0359,-0.7528,-1.0387,0.31469,0.1440,0.176532,0.0547
0.5616,0.3433,-0.1803,0.0721,-0.9715,-1.0931,0.31534,0.1178,0.177081,0.0405
0.5622,0.3071,-0.0683,0.3411,-0.9231,-1.1439,0.31602,0.0943,0.177649,0.0290
0.5627,0.2708,-0.1327,0.2041,-1.0154,-1.0818,0.31667,0.0734,0.178203,0.0199
0.5633,0.2347,-0.0174,0.2719,-0.9251,-1.1732,0.31729,0.0551,0.178727,0.0129
0.5638,0.1983,-0.1249,0.4197,-0.9668,-1.1433,0.31793,0.0393,0.179262,0.0078
0.5644,0.1621,-0.1607,0.4993,-0.9201,-1.1449,0.31859,0.0263,0.179824,0.0043
0.5651,0.1260,-0.1388,0.4774,-0.9411,-1.3135,0.31930,0.0159,0.180422,0.0020
0.5656,0.0901,-0.0504,0.4636,-0.8843,-1.0983,0.31989,0.0081,0.180926,0.0007
0.5662,0.0541,-0.1340,0.5231,-0.9408,-1.0273,0.32056,0.0029,0.181496,0.0002
0.5778,0.9785,-0.2710,-0.5013,-0.9982,-0.7878,0.33385,0.9574,0.192899,0.9368
0.5783,0.9397,-0.2162,-0.5359,-0.9306,-0.9665,0.33446,0.8830,0.193426,0.8298
0.5788,0.9046,-0.0404,-0.5462,-0.9528,-0.9195,0.33503,0.8183,0.193924,0.7402
0.5793,0.8662,-0.1859,-0.6098,-0.9130,-0.9336,0.33564,0.7502,0.194452,0.6498
0.5799,0.8279,-0.2415,-0.4618,-0.9394,-0.9640,0.33624,0.6854,0.194971,0.5674
0.5804,0.7897,-0.1394,-0.4223,-1.0065,-0.7485,0.33682,0.6236,0.195477,0.4925
0.5809,0.7516,-0.2326,-0.2835,-0.9860,-0.8877,0.33742,0.5649,0.196003,0.4246
0.5814,0.7139,-0.2637,-0.2286,-0.8356,-0.9648,0.33802,0.5096,0.196519,0.3638
0.5819,0.6762,-0.2274,-0.2845,-0.8749,-0.9335,0.33859,0.4573,0.197018,0.3092
0.5824,0.6389,-0.1879,-0.1199,-0.8669,-0.8235,0.33917,0.4081,0.197530,0.2607
0.5829,0.6016,-0.2728,-0.1336,-0.8865,-0.9457,0.33978,0.3619,0.198061,0.2178
0.5834,0.5645,-0.1860,-0.1523,-0.8018,-0.9585,0.34040,0.3187,0.198604,0.1799
0.5839,0.5275,-0.0817,-0.0574,-0.9615,-0.9814,0.34100,0.2783,0.199124,0.1468
0.5845,0.4905,-0.1015,0.0077,-0.9639,-0.9848,0.34164,0.2406,0.199687,0.1180
0.5851,0.4537,0.0459,-0.0294,-0.8327,-0.9804,0.34230,0.2058,0.200264,0.0934
0.5856,0.4170,-0.1179,0.0428,-0.9476,-0.9091,0.34293,0.1739,0.200818,0.0725
0.5862,0.3804,-0.1811,0.0996,-0.9725,-1.0883,0.34361,0.1447,0.201418,0.0550
0.5867,0.3441,0.0032,0.2544,-0.8672,-1.0065,0.34426,0.1184,0.201988,0.0407
0.5873,0.3079,-0.2853,0.2115,-0.8996,-1.0912,0.34489,0.0948,0.202548,0.0292
0.5878,0.2717,-0.1248,0.2346,-0.8669,-1.0502,0.34554,0.0738,0.203116,0.0201
0.5884,0.2355,-0.2353,0.3584,-0.9336,-1.1803,0.34616,0.0555,0.203665,0.0131
0.5889,0.1992,-0.0489,0.2800,-0.9504,-1.0468,0.34683,0.0397,0.204254,0.0079
0.5895,0.1631,-0.1912,0.4694,-0.9805,-1.2308,0.34749,0.0266,0.204836,0.0043
0.5900,0.1269,-0.1461,0.4554,-0.9424,-1.1060,0.34815,0.0161,0.205419,0.0020
0.5906,0.0909,-0.2690,0.4504,-0.9457,-1.2366,0.34881,0.0083,0.206008,0.0008
0.5912,0.0549,-0.1882,0.3838,-0.7379,-1.1711,0.34947,0.0030,0.206593,0.0002
0.6038,0.9796,-0.2778,-0.5423,-0.8171,-0.8088,0.36457,0.9595,0.220123,0.9399
0.6042,0.9407,-0.1342,-0.5918,-0.8755,-1.0849,0.36512,0.8850,0.220621,0.8325
0.6047,0.9056,-0.2925,-0.4170,-0.8834,-0.7468,0.36571,0.8201,0.221163,0.7427
0.6052,0.8672,-0.1309,-0.4270,-0.8097,-0.9811,0.36623,0.7520,0.221633,0.6521
0.6056,0.8289,-0.1482,-0.3419,-0.8788,-0.7899,0.36676,0.6870,0.222116,0.5694
0.6061,0.7907,-0.1243,-0.2103,-0.8832,-0.7594,0.36731,0.6252,0.222611,0.4943
0.6065,0.7526,-0.2577,-0.2258,-1.0279,-0.8480,0.36785,0.5664,0.223107,0.4263
0.6070,0.7148,-0.1666,-0.2793,-0.9564,-0.8982,0.36839,0.5109,0.223595,0.3652
0.6074,0.6772,-0.2298,-0.2354,-0.7579,-0.9837,0.36889,0.4586,0.224053,0.3106
0.6078,0.6398,-0.2104,-0.2039,-0.8669,-1.0672,0.36947,0.4094,0.224574,0.2619
0.6083,0.6026,-0.1918,-0.2197,-0.9401,-0.8719,0.37003,0.3631,0.225094,0.2188
0.6088,0.5655,-0.1187,-0.0780,-0.8637,-0.9018,0.37060,0.3198,0.225612,0.1808
0.6093,0.5284,-0.2366,-0.0646,-0.8783,-1.0525,0.37122,0.2792,0.226173,0.1476
0.6098,0.4914,-0.3163,-0.0170,-0.8566,-1.0741,0.37181,0.2415,0.226713,0.1187
0.6103,0.4546,-0.1271,0.0869,-0.7704,-0.9155,0.37242,0.2066,0.227271,0.0939
0.6108,0.4179,-0.2729,0.0127,-0.9705,-1.0911,0.37305,0.1746,0.227854,0.0730
0.6113,0.3813,-0.2437,0.1283,-0.7615,-1.0902,0.37369,0.1454,0.228436,0.0554
0.6118,0.3450,-0.1364,0.3648,-0.8814,-1.0741,0.37432,0.1191,0.229017,0.0411
0.6123,0.3088,-0.2643,0.2122,-1.0343,-0.9603,0.37497,0.0954,0.229613,0.0295
0.6129,0.2726,-0.2276,0.2101,-0.8255,-1.0616,0.37559,0.0743,0.230183,0.0203
0.6134,0.2364,-0.2427,0.2279,-0.7085,-1.0944,0.37621,0.0559,0.230755,0.0132
0.6139,0.2000,-0.1803,0.3666,-0.8832,-1.2170,0.37684,0.0400,0.231335,0.0080
0.6144,0.1638,-0.1913,0.5023,-0.9028,-1.0254,0.37751,0.0268,0.231951,0.0044
0.6150,0.1276,-0.0080,0.4921,-0.8898,-1.2162,0.37822,0.0163,0.232601,0.0021
0.6155,0.0916,-0.1503,0.4593,-1.0144,-1.1792,0.37884,0.0084,0.233180,0.0008
0.6160,0.0556,-0.2198,0.6121,-0.7842,-1.0832,0.37949,0.0031,0.233778,0.0002
0.6297,0.9807,-0.3305,-0.4685,-0.7895,-0.7917,0.39656,0.9617,0.249730,0.9431
0.6301,0.9418,-0.2729,-0.5687,-0.7956,-0.9699,0.39705,0.8870,0.250187,0.8354
0.6305,0.9067,-0.2427,-0.3540,-0.9212,-0.8465,0.39756,0.8221,0.250671,0.7454
0.6309,0.8682,-0.2740,-0.4601,-1.0081,-0.8786,0.39804,0.7538,0.251123,0.6545
0.6313,0.8299,-0.2212,-0.2582,-0.9386,-0.7744,0.39852,0.6887,0.251579,0.5716
0.6317,0.7917,-0.3153,-0.3897,-1.0013,-0.9423,0.39901,0.6268,0.252040,0.4963
0.6321,0.7536,-0.2048,-0.3660,-1.0242,-1.0359,0.39951,0.5679,0.252519,0.4280
0.6325,0.7158,-0.2796,-0.3780,-1.0017,-0.9000,0.40002,0.5124,0.252997,0.3668
0.6329,0.6782,-0.2679,-0.0979,-0.9572,-0.8459,0.40050,0.4599,0.253460,0.3119
0.6332,0.6408,-0.2361,-0.1941,-0.9764,-0.9340,0.40099,0.4106,0.253918,0.2631
0.6336,0.6035,-0.2486,-0.0395,-0.9165,-0.9400,0.40150,0.3643,0.254409,0.2198
0.6341,0.5664,-0.2491,-0.0304,-0.7588,-0.9924,0.40209,0.3208,0.254965,0.1817
0.6345,0.5293,-0.2511,-0.1168,-0.7046,-0.8280,0.40260,0.2802,0.255452,0.1483
0.6350,0.4923,-0.3583,0.0437,-0.8520,-0.9149,0.40319,0.2424,0.256016,0.1193
0.6355,0.4555,-0.2988,0.0522,-0.8607,-1.1456,0.40381,0.2075,0.256610,0.0945
0.6359,0.4188,-0.1712,0.0547,-0.8207,-1.0899,0.40437,0.1754,0.257142,0.0734
0.6364,0.3822,-0.2106,0.1093,-1.0283,-1.0653,0.40501,0.1461,0.257746,0.0558
0.6369,0.3459,-0.3763,0.1248,-0.7337,-1.1509,0.40566,0.1197,0.258370,0.0414
0.6374,0.3097,-0.2947,0.3260,-0.8551,-1.1302,0.40623,0.0959,0.258914,0.0297
0.6378,0.2735,-0.2651,0.4199,-0.8763,-1.1151,0.40684,0.0748,0.259503,0.0205
0.6383,0.2372,-0.3212,0.3546,-0.9002,-1.1953,0.40746,0.0563,0.260096,0.0133
0.6388,0.2008,-0.1719,0.3639,-0.8004,-1.0701,0.40812,0.0403,0.260721,0.0081
0.6394,0.1645,-0.2868,0.2466,-0.7729,-1.1358,0.40879,0.0271,0.261372,0.0045
0.6399,0.1284,-0.2981,0.4219,-0.9046,-1.0214,0.40947,0.0165,0.262015,0.0021
0.6404,0.0924,-0.1667,0.5183,-0.8721,-1.1213,0.41009,0.0085,0.262614,0.0008
0.6409,0.0566,-0.1479,0.5104,-0.9599,-1.0204,0.41076,0.0032,0.263259,0.0002
0.6557,0.9817,-0.3154,-0.5513,-0.8089,-0.8072,0.42998,0.9638,0.281948,0.9462
0.6560,0.9429,-0.2965,-0.4327,-0.9146,-0.9777,0.43039,0.8891,0.282358,0.8383
0.6564,0.9078,-0.2150,-0.3778,-0.9438,-0.8359,0.43083,0.8240,0.282788,0.7480
0.6567,0.8693,-0.2467,-0.4699,-0.8248,-0.9616,0.43125,0.7557,0.283198,0.6569
0.6570,0.8310,-0.4112,-0.4108,-0.8237,-0.7264,0.43167,0.6905,0.283613,0.5738
0.6573,0.7927,-0.3162,-0.4045,-0.8565,-1.0375,0.43208,0.6284,0.284019,0.4982
0.6577,0.7546,-0.3638,-0.3410,-0.9986,-1.0706,0.43255,0.5694,0.284484,0.4297
0.6580,0.7168,-0.1766,-0.1764,-0.9034,-0.9336,0.43298,0.5138,0.284903,0.3683
0.6583,0.6792,-0.2644,-0.3076,-0.8744,-0.9466,0.43342,0.4613,0.285342,0.3133
0.6587,0.6417,-0.1957,-0.2072,-0.8426,-0.8509,0.43388,0.4118,0.285791,0.2643
0.6591,0.6045,-0.2586,-0.0648,-0.8052,-0.9994,0.43435,0.3654,0.286263,0.2209
0.6595,0.5674,-0.4154,-0.1786,-0.8738,-0.9758,0.43487,0.3219,0.286778,0.1826
0.6598,0.5303,-0.3612,-0.0032,-0.8260,-0.8471,0.43538,0.2812,0.287273,0.1491
0.6602,0.4932,-0.2561,0.1164,-0.8550,-0.8906,0.43591,0.2433,0.287807,0.1200
0.6607,0.4563,-0.1921,-0.0541,-0.7049,-1.0683,0.43648,0.2083,0.288368,0.0950
0.6611,0.4197,-0.2575,0.1597,-0.7687,-0.9776,0.43703,0.1761,0.288912,0.0739
0.6615,0.3832,-0.2254,0.2296,-0.7886,-1.0931,0.43760,0.1468,0.289480,0.0563
0.6620,0.3469,-0.2670,0.2199,-0.9623,-1.0213,0.43822,0.1203,0.290089,0.0417
0.6624,0.3106,-0.3459,0.1293,-0.8568,-1.0723,0.43880,0.0965,0.290671,0.0300
0.6629,0.2743,-0.3290,0.1739,-0.7230,-1.1723,0.43941,0.0752,0.291275,0.0206
0.6634,0.2380,-0.2125,0.2692,-0.8018,-1.0967,0.44005,0.0567,0.291915,0.0135
0.6638,0.2016,-0.2747,0.3571,-0.8915,-1.1962,0.44067,0.0406,0.292528,0.0082
0.6643,0.1653,-0.2718,0.4331,-0.8388,-1.2611,0.44133,0.0273,0.293183,0.0045
0.6648,0.1293,-0.3112,0.4978,-0.8040,-1.1226,0.44200,0.0167,0.293859,0.0022
0.6653,0.0934,-0.2991,0.5677,-0.7957,-1.0426,0.44261,0.0087,0.294468,0.0008
0.6658,0.0575,-0.2036,0.5860,-0.7652,-1.1306,0.44325,0.0033,0.295102,0.0002
0.6817,0.9829,-0.3477,-0.6285,-0.8236,-0.9628,0.46477,0.9660,0.316850,0.9495
0.6820,0.9440,-0.3074,-0.4910,-0.9841,-1.0071,0.46509,0.8911,0.317180,0.8412
0.6823,0.9088,-0.3684,-0.4292,-0.9658,-0.7584,0.46552,0.8260,0.317616,0.7507
0.6825,0.8704,-0.3747,-0.4814,-0.8311,-0.9655,0.46585,0.7575,0.317958,0.6593
0.6828,0.8320,-0.4019,-0.3786,-0.7776,-0.9187,0.46619,0.6922,0.318307,0.5759
0.6830,0.7937,-0.3185,-0.2892,-0.8362,-0.9750,0.46655,0.6300,0.318678,0.5001
0.6833,0.7556,-0.4250,-0.2601,-0.7517,-0.9359,0.46695,0.5709,0.319080,0.4314
0.6836,0.7178,-0.3025,-0.2030,-0.8678,-0.8222,0.46732,0.5152,0.319465,0.3698
0.6839,0.6801,-0.2612,-0.3985,-0.8540,-0.8937,0.46769,0.4626,0.319842,0.3146
0.6842,0.6427,-0.2022,-0.1779,-0.8114,-0.9106,0.46806,0.4131,0.320226,0.2655
0.6845,0.6054,-0.4775,-0.1296,-0.7006,-0.9689,0.46849,0.3665,0.320665,0.2219
0.6848,0.5683,-0.3731,-0.0828,-0.7180,-0.9099,0.46898,0.3229,0.321168,0.1835
0.6851,0.5311,-0.3149,0.0589,-0.7915,-1.0558,0.46942,0.2821,0.321618,0.1498
0.6855,0.4940,-0.4426,-0.0202,-0.9300,-1.0144,0.46993,0.2441,0.322146,0.1206
0.6859,0.4572,-0.2550,0.1510,-0.8338,-1.0357,0.47046,0.2090,0.322690,0.0956
0.6863,0.4205,-0.3086,0.0838,-0.9178,-1.0468,0.47095,0.1768,0.323192,0.0744
0.6866,0.3840,-0.2270,0.1647,-0.8304,-1.0553,0.47148,0.1475,0.323743,0.0566
0.6871,0.3477,-0.2170,0.1166,-0.8050,-1.0491,0.47209,0.1209,0.324363,0.0420
0.6875,0.3114,-0.2365,0.3570,-0.8075,-1.1207,0.47262,0.0970,0.324912,0.0302
0.6879,0.2750,-0.4169,0.2604,-0.9538,-1.0829,0.47326,0.0756,0.325569,0.0208
0.6884,0.2387,-0.4388,0.3623,-0.9606,-1.0713,0.47386,0.0570,0.326194,0.0136
0.6888,0.2023,-0.3633,0.4801,-0.6981,-1.0501,0.47446,0.0409,0.326813,0.0083
0.6893,0.1661,-0.3312,0.3544,-0.8723,-1.0511,0.47510,0.0276,0.327479,0.0046
0.6897,0.1301,-0.3359,0.4967,-0.8903,-0.9756,0.47574,0.0169,0.328135,0.0022
0.6902,0.0941,-0.2515,0.4614,-0.8122,-1.2158,0.47637,0.0089,0.328789,0.0008
0.6907,0.0581,-0.3073,0.6353,-0.9370,-1.2152,0.47705,0.0034,0.329491,0.0002
0.7079,0.9840,-0.2862,-0.5103,-0.8019,-0.8633,0.50112,0.9683,0.354741,0.9529
0.7081,0.9451,-0.2164,-0.4573,-0.8268,-0.9600,0.50138,0.8933,0.355021,0.8443
0.7083,0.9100,-0.3733,-0.5234,-0.9281,-0.9378,0.50172,0.8280,0.355375,0.7535
0.7085,0.8715,-0.3922,-0.3515,-0.8100,-0.9550,0.50196,0.7594,0.355636,0.6618
0.7087,0.8331,-0.3517,-0.4696,-0.9353,-0.9468,0.50224,0.6940,0.355937,0.5782
0.7089,0.7948,-0.4835,-0.3391,-0.8204,-0.8890,0.50251,0.6317,0.356224,0.5021
0.7091,0.7567,-0.2098,-0.2211,-0.8804,-0.8224,0.50283,0.5725,0.356562,0.4332
0.7093,0.7188,-0.4732,-0.3144,-0.9055,-1.0405,0.50317,0.5167,0.356919,0.3714
0.7096,0.6811,-0.4689,-0.1518,-0.7982,-0.8632,0.50347,0.4639,0.357235,0.3160
0.7098,0.6437,-0.2659,-0.2830,-0.7449,-1.0247,0.50380,0.4143,0.357593,0.2667
0.7100,0.6064,-0.4109,-0.1413,-0.6858,-0.8105,0.50415,0.3677,0.357963,0.2229
0.7103,0.5692,-0.3982,-0.1299,-1.0096,-1.0267,0.50459,0.3240,0.358434,0.1844
0.7106,0.5320,-0.3738,-0.1671,-0.8218,-0.8943,0.50499,0.2831,0.358864,0.1506
0.7109,0.4950,-0.3314,-0.0080,-0.8143,-1.0677,0.50545,0.2450,0.359346,0.1213
0.7113,0.4581,-0.4463,0.1135,-0.7768,-1.0337,0.50592,0.2098,0.359851,0.0961
0.7116,0.4214,-0.3702,0.0812,-0.7156,-0.9167,0.50637,0.1775,0.360330,0.0748
0.7120,0.3849,-0.3168,0.0472,-0.6412,-1.1816,0.50688,0.1481,0.360881,0.0570
0.7124,0.3485,-0.4869,0.1339,-0.8054,-1.1846,0.50746,0.1214,0.361495,0.0423
0.7127,0.3121,-0.3293,0.1501,-0.8183,-1.1878,0.50801,0.0974,0.362081,0.0304
0.7131,0.2758,-0.3614,0.2793,-0.8349,-1.2616,0.50856,0.0760,0.362673,0.0210
0.7135,0.2394,-0.3671,0.2791,-0.9227,-1.2003,0.50912,0.0573,0.363269,0.0137
0.7139,0.2030,-0.3344,0.3761,-0.9382,-0.9286,0.50972,0.0412,0.363910,0.0084
0.7144,0.1668,-0.3791,0.2843,-0.8201,-1.1648,0.51033,0.0278,0.364569,0.0046
0.7148,0.1307,-0.4693,0.4273,-0.8445,-0.9728,0.51095,0.0171,0.365233,0.0022
0.7153,0.0947,-0.3953,0.3842,-0.9082,-1.1988,0.51159,0.0090,0.365913,0.0008
0.7157,0.0587,-0.4059,0.5446,-0.8152,-1.1912,0.51224,0.0034,0.366614,0.0002
0.7341,0.9853,-0.3503,-0.3857,-0.9585,-0.9810,0.53891,0.9707,0.395621,0.9564
0.7342,0.9463,-0.5324,-0.5442,-1.1017,-0.9270,0.53904,0.8955,0.395754,0.8475
0.7344,0.8726,-0.3892,-0.4656,-0.9175,-0.9503,0.53939,0.7615,0.396142,0.6645
0.7343,0.9111,-0.4263,-0.3533,-0.7328,-0.7899,0.53921,0.8302,0.395944,0.7564
0.7345,0.8342,-0.4021,-0.4793,-0.8945,-0.9604,0.53956,0.6959,0.396331,0.5805
0.7347,0.7959,-0.2542,-0.2258,-0.9843,-0.8890,0.53976,0.6335,0.396555,0.5042
0.7348,0.7578,-0.5817,-0.2911,-0.8185,-0.9375,0.53998,0.5742,0.396795,0.4351
0.7350,0.7198,-0.3084,-0.2614,-0.8164,-0.9269,0.54024,0.5182,0.397083,0.3730
0.7352,0.6822,-0.3659,-0.2465,-0.7588,-0.9414,0.54052,0.4654,0.397389,0.3174
0.7354,0.6447,-0.3555,-0.1002,-0.8111,-1.0073,0.54079,0.4156,0.397686,0.2679
0.7356,0.6074,-0.4551,-0.0998,-0.7231,-1.0600,0.54113,0.3689,0.398060,0.2240
0.7358,0.5701,-0.3402,-0.1195,-0.8588,-1.0277,0.54147,0.3251,0.398433,0.1853
0.7361,0.5330,-0.4859,-0.0339,-0.7910,-1.1194,0.54185,0.2840,0.398853,0.1514
0.7364,0.4959,-0.4569,0.0024,-0.7739,-1.0290,0.54225,0.2459,0.399297,0.1219
0.7366,0.4589,-0.3367,0.1442,-0.7424,-0.8412,0.54265,0.2106,0.399743,0.0967
0.7370,0.4222,-0.4673,0.1557,-0.8510,-0.9366,0.54310,0.1783,0.400236,0.0753
0.7373,0.3856,-0.4496,0.1979,-0.7771,-0.9957,0.54356,0.1487,0.400753,0.0574
0.7376,0.3492,-0.4949,0.1088,-0.7407,-1.0249,0.54411,0.1220,0.401355,0.0426
0.7380,0.3128,-0.3567,0.2196,-0.6807,-1.0094,0.54463,0.0979,0.401928,0.0306
0.7384,0.2765,-0.5189,0.2510,-0.8297,-1.0150,0.54520,0.0764,0.402558,0.0211
0.7387,0.2402,-0.5074,0.2472,-0.9710,-1.0070,0.54573,0.0577,0.403154,0.0139
0.7391,0.2038,-0.4597,0.2691,-1.0505,-1.1468,0.54630,0.0415,0.403783,0.0085
0.7395,0.1675,-0.4987,0.3794,-0.9026,-1.2307,0.54689,0.0281,0.404435,0.0047
0.7399,0.1314,-0.3985,0.5832,-0.9884,-0.9919,0.54751,0.0173,0.405122,0.0023
0.7403,0.0954,-0.4627,0.4583,-0.7767,-1.1485,0.54808,0.0091,0.405753,0.0009
0.7408,0.0595,-0.4088,0.5303,-0.9360,-1.0787,0.54872,0.0035,0.406465,0.0002
0.7603,0.9866,-0.4856,-0.6329,-0.9575,-0.9211,0.57805,0.9733,0.439489,0.9602
0.7604,0.8738,-0.4265,-0.5526,-0.8442,-0.9558,0.57824,0.7635,0.439708,0.6672
0.7604,0.9124,-0.3717,-0.5654,-0.8391,-0.9743,0.57821,0.8324,0.439668,0.7595
0.7603,0.9476,-0.5798,-0.5465,-0.8837,-0.8727,0.57808,0.8979,0.439521,0.8509
0.7606,0.7971,-0.4390,-0.3364,-0.9408,-1.0106,0.57849,0.6353,0.439996,0.5064
0.7605,0.8354,-0.4097,-0.4523,-0.9863,-0.9056,0.57832,0.6979,0.439800,0.5830
0.7606,0.7589,-0.4270,-0.2470,-0.7633,-0.9394,0.57858,0.5759,0.440089,0.4370
0.7607,0.7209,-0.4471,-0.2873,-0.8218,-0.9241,0.57873,0.5198,0.440260,0.3747
0.7610,0.6457,-0.3949,-0.1874,-0.9241,-1.0133,0.57913,0.4170,0.440717,0.2692
0.7609,0.6832,-0.5233,-0.1920,-0.7412,-0.9308,0.57891,0.4668,0.440473,0.3189
0.7611,0.6084,-0.4402,-0.2013,-0.7466,-0.9799,0.57934,0.3701,0.440962,0.2252
0.7613,0.5711,-0.4136,-0.1983,-0.7511,-0.8896,0.57964,0.3262,0.441309,0.1863
0.7615,0.5339,-0.5101,-0.0684,-0.7701,-1.1679,0.57995,0.2851,0.441659,0.1522
0.7618,0.4968,-0.4020,-0.0592,-0.8478,-1.0133,0.58030,0.2468,0.442058,0.1226
0.7620,0.4598,-0.5526,-0.0448,-0.7786,-1.0135,0.58067,0.2115,0.442483,0.0972
0.7623,0.4231,-0.3711,0.1089,-0.7841,-0.8814,0.58103,0.1790,0.442897,0.0757
0.7626,0.3865,-0.5280,0.0782,-0.8604,-1.1140,0.58150,0.1494,0.443427,0.0577
0.7629,0.3501,-0.5121,0.1856,-0.7899,-1.1403,0.58197,0.1225,0.443962,0.0429
0.7632,0.3137,-0.4171,0.2632,-0.8293,-1.1154,0.58246,0.0984,0.444533,0.0309
0.7635,0.2773,-0.5402,0.3033,-0.9538,-1.0079,0.58299,0.0769,0.445134,0.0213
0.7638,0.2410,-0.4106,0.3878,-0.8694,-1.1202,0.58344,0.0581,0.445652,0.0140
0.7642,0.2046,-0.4278,0.4096,-0.8085,-1.1126,0.58394,0.0418,0.446228,0.0086
0.7645,0.1683,-0.3567,0.2788,-0.7887,-1.1102,0.58451,0.0283,0.446872,0.0048
0.7650,0.1321,-0.3746,0.4489,-0.8013,-1.0995,0.58518,0.0174,0.447641,0.0023
0.7654,0.0959,-0.3555,0.5649,-0.8669,-0.9927,0.58577,0.0092,0.448319,0.0009
0.7658,0.0599,-0.4626,0.4577,-0.8943,-1.1587,0.58639,0.0036,0.449038,0.0002
0.7865,0.7220,-0.5152,-0.2554,-0.9019,-0.9255,0.61865,0.5213,0.486595,0.3764
0.7865,0.7600,-0.4584,-0.1925,-0.8299,-0.9336,0.61855,0.5776,0.486475,0.4390
0.7865,0.7982,-0.4390,-0.3653,-0.8895,-0.9336,0.61856,0.6372,0.486491,0.5086
0.7865,0.8366,-0.4721,-0.2909,-0.9717,-0.8059,0.61856,0.6998,0.486485,0.5854
0.7865,0.8750,-0.4924,-0.5014,-0.8103,-0.9217,0.61856,0.7657,0.486494,0.6700
0.7865,0.9136,-0.5101,-0.4817,-0.8004,-1.0032,0.61860,0.8347,0.486534,0.7626
0.7865,0.9489,-0.5216,-0.3942,-0.8547,-0.9540,0.61852,0.9004,0.486437,0.8544
0.7865,0.9879,-0.5073,-0.5657,-0.9150,-0.8484,0.61859,0.9760,0.486521,0.9642
0.7866,0.6467,-0.4613,-0.0797,-0.6901,-1.0085,0.61882,0.4183,0.486792,0.2705
0.7866,0.6843,-0.4294,-0.1410,-0.8549,-0.9344,0.61871,0.4682,0.486669,0.3204
0.7868,0.6094,-0.5727,-0.1163,-0.7089,-0.9947,0.61899,0.3713,0.486998,0.2263
0.7869,0.5721,-0.5257,-0.1022,-0.8837,-0.8949,0.61924,0.3273,0.487286,0.1872
0.7871,0.5348,-0.5264,-0.0697,-0.7100,-0.9640,0.61950,0.2861,0.487594,0.1530
0.7873,0.4977,-0.4019,0.0216,-0.7680,-0.9222,0.61977,0.2477,0.487915,0.1233
0.7874,0.4607,-0.4816,0.0047,-0.7540,-0.8867,0.62005,0.2123,0.488252,0.0978
0.7877,0.4239,-0.4084,0.0322,-0.8091,-1.0431,0.62041,0.1797,0.488668,0.0762
0.7879,0.3874,-0.5844,0.1386,-0.7133,-0.9633,0.62078,0.1500,0.489108,0.0581
0.7882,0.3508,-0.5879,0.1607,-0.9199,-0.9703,0.62126,0.1231,0.489677,0.0432
0.7885,0.3145,-0.4237,0.1237,-0.8188,-1.1202,0.62166,0.0989,0.490152,0.0311
0.7888,0.2780,-0.5930,0.2125,-0.8247,-1.2131,0.62216,0.0773,0.490740,0.0215
0.7891,0.2416,-0.4309,0.2833,-0.9460,-0.9931,0.62260,0.0584,0.491265,0.0141
0.7894,0.2053,-0.4285,0.3473,-0.7865,-0.9946,0.62308,0.0421,0.491833,0.0086
0.7897,0.1689,-0.3649,0.3196,-0.7675,-1.0812,0.62361,0.0285,0.492464,0.0048
0.7901,0.1327,-0.6438,0.4209,-0.7623,-1.2154,0.62419,0.0176,0.493149,0.0023
0.7905,0.0965,-0.4591,0.4634,-0.8163,-1.1387,0.62487,0.0093,0.493953,0.0009
0.7909,0.0602,-0.5316,0.4326,-0.9002,-1.0193,0.62559,0.0036,0.494811,0.0002
0.8125,0.7231,-0.5149,-0.3162,-0.7243,-0.9991,0.66012,0.5229,0.536331,0.3781
0.8125,0.7611,-0.5370,-0.2896,-0.6949,-0.8759,0.66011,0.5793,0.536318,0.4409
0.8126,0.7994,-0.5957,-0.3226,-0.8656,-0.9454,0.66024,0.6390,0.536481,0.5108
0.8126,0.6103,-0.4984,-0.2370,-0.8413,-0.8804,0.66030,0.3725,0.536558,0.2273
0.8125,0.6477,-0.4224,-0.1716,-0.7085,-0.8786,0.66020,0.4196,0.536430,0.2718
0.8125,0.6853,-0.5036,-0.1378,-0.6972,-0.9210,0.66014,0.4697,0.536351,0.3219
0.8126,0.8377,-0.4441,-0.2232,-0.8050,-0.9575,0.66031,0.7018,0.536568,0.5879
0.8127,0.8762,-0.4817,-0.3462,-0.8964,-0.9561,0.66044,0.7678,0.536726,0.6728
0.8128,0.9149,-0.5484,-0.5036,-0.7816,-1.0639,0.66061,0.8370,0.536926,0.7658
0.8128,0.9502,-0.5480,-0.5614,-0.8394,-1.0105,0.66063,0.9029,0.536959,0.8579
0.8127,0.5730,-0.5414,-0.0994,-0.8505,-1.0079,0.66047,0.3283,0.536765,0.1881
0.8129,0.9892,-0.4153,-0.5295,-0.8660,-0.9718,0.66080,0.9786,0.537161,0.9681
0.8128,0.5357,-0.4881,-0.2193,-0.8530,-1.1322,0.66070,0.2870,0.537036,0.1537
0.8130,0.4985,-0.5438,0.0133,-0.7959,-0.9704,0.66097,0.2485,0.537366,0.1239
0.8131,0.4615,-0.7192,-0.0646,-0.7517,-1.0865,0.66115,0.2130,0.537591,0.0983
0.8133,0.4246,-0.5357,0.1177,-1.0636,-1.0075,0.66150,0.1803,0.538017,0.0766
0.8135,0.3880,-0.6002,0.1077,-0.6993,-0.9784,0.66178,0.1505,0.538361,0.0584
0.8137,0.3516,-0.5707,0.1057,-0.9632,-1.1209,0.66214,0.1236,0.538802,0.0435
0.8140,0.3151,-0.6509,0.2331,-0.7839,-1.0449,0.66254,0.0993,0.539281,0.0313
0.8142,0.2786,-0.5038,0.2448,-0.6778,-0.9916,0.66296,0.0776,0.539803,0.0216
0.8145,0.2422,-0.5814,0.2529,-0.8190,-0.9919,0.66345,0.0587,0.540396,0.0142
0.8148,0.2057,-0.4516,0.3647,-0.8230,-0.9421,0.66387,0.0423,0.540912,0.0087
0.8151,0.1694,-0.4644,0.3835,-0.7911,-1.0128,0.66438,0.0287,0.541537,0.0049
0.8154,0.1332,-0.5022,0.4868,-0.7686,-1.1550,0.66493,0.0177,0.542201,0.0024
0.8158,0.0970,-0.5351,0.5208,-0.7863,-1.1226,0.66550,0.0094,0.542903,0.0009
0.8162,0.0607,-0.5200,0.5364,-0.9140,-0.9470,0.66619,0.0037,0.543748,0.0002
0.8384,0.6864,-0.4685,-0.2380,-0.9569,-1.0520,0.70295,0.4711,0.589365,0.3234
0.8385,0.5740,-0.4759,-0.1121,-0.8761,-0.9553,0.70300,0.3294,0.589434,0.1891
0.8384,0.6113,-0.5195,-0.0388,-0.6719,-0.8119,0.70288,0.3737,0.589275,0.2284
0.8384,0.6487,-0.4024,-0.1436,-0.7255,-0.9479,0.70290,0.4209,0.589300,0.2730
0.8385,0.7242,-0.6002,-0.2949,-0.7164,-0.9908,0.70303,0.5245,0.589470,0.3798
0.8385,0.7623,-0.6143,-0.3562,-0.8012,-1.0472,0.70315,0.5810,0.589615,0.4429
0.8386,0.5366,-0.4970,-0.1050,-0.6912,-1.0360,0.70319,0.2879,0.589675,0.1545
0.8386,0.8006,-0.3985,-0.4976,-0.8828,-0.9611,0.70329,0.6409,0.589799,0.5131
0.8387,0.8390,-0.5583,-0.4447,-0.7499,-1.0237,0.70349,0.7039,0.590044,0.5906
0.8389,0.8775,-0.5589,-0.3069,-0.8766,-0.8911,0.70375,0.7700,0.590373,0.6757
0.8388,0.4623,-0.5784,0.1356,-0.9049,-0.9154,0.70358,0.2137,0.590161,0.0988
0.8387,0.4993,-0.5038,0.0473,-0.6109,-0.8652,0.70343,0.2493,0.589967,0.1245
0.8391,0.9162,-0.5334,-0.4104,-0.8624,-0.9248,0.70404,0.8394,0.590744,0.7691
0.8389,0.4254,-0.5018,0.0358,-0.9663,-0.9487,0.70381,0.1810,0.590456,0.0770
0.8392,0.9515,-0.6768,-0.4725,-0.8767,-1.0011,0.70421,0.9054,0.590948,0.8616
0.8394,0.9906,-0.5377,-0.4428,-0.9957,-1.0513,0.70452,0.9813,0.591338,0.9721
0.8391,0.3887,-0.5792,0.1475,-0.7290,-1.0885,0.70414,0.1511,0.590866,0.0587
0.8393,0.3522,-0.4918,0.1910,-0.8865,-1.0182,0.70439,0.1240,0.591178,0.0437
0.8395,0.3157,-0.5895,0.2396,-0.8271,-0.9937,0.70475,0.0997,0.591627,0.0315
0.8397,0.2792,-0.5796,0.2187,-0.8433,-0.9989,0.70515,0.0779,0.592133,0.0218
0.8400,0.2427,-0.6591,0.1860,-0.8017,-1.1566,0.70557,0.0589,0.592671,0.0143
0.8402,0.2061,-0.4601,0.3140,-0.7250,-1.1210,0.70601,0.0425,0.593222,0.0088
0.8405,0.1697,-0.5624,0.4537,-0.8520,-1.0896,0.70652,0.0288,0.593865,0.0049
0.8409,0.1335,-0.4398,0.4505,-0.8721,-0.9859,0.70705,0.0178,0.594536,0.0024
0.8412,0.0972,-0.4811,0.3789,-0.8597,-1.0799,0.70761,0.0095,0.595239,0.0009
0.8415,0.0611,-0.5704,0.4572,-0.9381,-1.1615,0.70817,0.0037,0.595949,0.0002
0.8643,0.5375,-0.6962,0.0430,-1.0200,-0.9539,0.74707,0.2889,0.645723,0.1553
0.8642,0.5749,-0.6192,-0.0539,-0.8797,-0.8814,0.74692,0.3305,0.645528,0.1900
0.8642,0.6123,-0.5389,-0.2929,-0.9298,-1.0566,0.74692,0.3749,0.645525,0.2296
0.8643,0.6498,-0.6075,-0.2454,-0.9258,-0.9623,0.74704,0.4222,0.645675,0.2744
0.8644,0.6875,-0.6892,-0.2477,-0.8415,-1.0486,0.74712,0.4726,0.645778,0.3249
0.8645,0.4631,-0.5518,-0.0031,-0.8503,-0.9598,0.74730,0.2145,0.646015,0.0993
0.8644,0.5002,-0.6187,0.0023,-0.9041,-0.9201,0.74720,0.2502,0.645886,0.1252
0.8645,0.7253,-0.6397,-0.3574,-0.8528,-0.9484,0.74737,0.5261,0.646107,0.3816
0.8646,0.7634,-0.4494,-0.3957,-0.9167,-1.0423,0.74753,0.5828,0.646307,0.4450
0.8645,0.4263,-0.5974,-0.0268,-1.0225,-1.1845,0.74744,0.1817,0.646201,0.0775
0.8647,0.8018,-0.5877,-0.2949,-0.7712,-0.9729,0.74778,0.6429,0.646632,0.5154
0.8647,0.3895,-0.5799,0.1975,-0.6629,-0.8872,0.74767,0.1517,0.646494,0.0591
0.8649,0.8403,-0.5317,-0.4025,-0.9329,-0.9240,0.74813,0.7060,0.647090,0.5933
0.8649,0.3529,-0.6994,0.2318,-0.9430,-1.0659,0.74797,0.1245,0.646887,0.0439
0.8651,0.8788,-0.6829,-0.4712,-0.8981,-1.0263,0.74847,0.7724,0.647529,0.6788
0.8650,0.3164,-0.6625,0.1525,-0.7967,-1.0002,0.74827,0.1001,0.647274,0.0317
0.8654,0.9176,-0.5000,-0.5114,-0.8638,-1.0113,0.74889,0.8419,0.648082,0.7726
0.8653,0.2797,-0.5623,0.3418,-0.8980,-0.9722,0.74866,0.0783,0.647780,0.0219
0.8656,0.9529,-0.5511,-0.5811,-0.9725,-1.0969,0.74920,0.9081,0.648482,0.8654
0.8654,0.2432,-0.5077,0.2290,-0.7729,-1.1009,0.74898,0.0592,0.648197,0.0144
0.8659,0.9921,-0.5762,-0.4250,-0.8335,-1.0286,0.74970,0.9842,0.649126,0.9764
0.8657,0.2066,-0.6518,0.2846,-0.9118,-0.9762,0.74945,0.0427,0.648806,0.0088
0.8660,0.1701,-0.5696,0.3340,-0.8448,-1.0590,0.74994,0.0289,0.649437,0.0049
0.8663,0.1338,-0.6061,0.3075,-0.8329,-1.1569,0.75042,0.0179,0.650071,0.0024
0.8666,0.0976,-0.5169,0.4149,-1.0064,-0.9596,0.75092,0.0095,0.650719,0.0009
0.8668,0.0615,-0.4855,0.3234,-0.8327,-0.9796,0.75140,0.0038,0.651342,0.0002
0.8901,0.4640,-0.6247,0.0842,-0.7189,-0.8444,0.79235,0.2153,0.705297,0.0999
0.8901,0.5012,-0.7450,-0.1011,-0.7496,-1.0497,0.79236,0.2512,0.705312,0.1259
0.8901,0.5385,-0.6484,-0.1350,-0.7404,-1.0311,0.79228,0.2900,0.705205,0.1561
0.8901,0.5759,-0.7285,-0.1907,-0.8233,-1.0182,0.79233,0.3317,0.705277,0.1910
0.8902,0.6133,-0.5972,-0.1598,-0.8113,-1.0919,0.79240,0.3762,0.705363,0.2307
0.8903,0.6509,-0.5813,-0.2027,-0.8905,-1.0467,0.79263,0.4236,0.705676,0.2757
0.8903,0.3903,-0.5500,0.0877,-0.8735,-0.9998,0.79265,0.1523,0.705708,0.0595
0.8902,0.4271,-0.7377,0.1098,-0.8174,-0.9468,0.79252,0.1824,0.705534,0.0779
0.8904,0.6886,-0.7459,-0.2192,-0.7054,-0.9173,0.79284,0.4741,0.705951,0.3265
0.8905,0.3536,-0.6544,0.1550,-0.9116,-0.9811,0.79293,0.1250,0.706076,0.0442
0.8906,0.7265,-0.5308,-0.2501,-0.8691,-0.9710,0.79311,0.5278,0.706322,0.3834
0.8908,0.7646,-0.7484,-0.3188,-0.8877,-0.9570,0.79345,0.5846,0.706777,0.4470
0.8906,0.3171,-0.6736,0.1901,-0.7720,-1.1584,0.79318,0.1005,0.706415,0.0319
0.8909,0.8030,-0.5507,-0.2125,-0.9670,-0.9937,0.79379,0.6449,0.707227,0.5179
0.8907,0.2805,-0.6283,0.2957,-0.8538,-0.9898,0.79342,0.0787,0.706738,0.0221
0.8912,0.8416,-0.5529,-0.4084,-0.9558,-1.0770,0.79421,0.7082,0.707783,0.5960
0.8909,0.2439,-0.6643,0.3433,-0.9444,-0.9000,0.79374,0.0595,0.707158,0.0145
0.8911,0.2073,-0.7131,0.4086,-0.9210,-1.0693,0.79401,0.0430,0.707526,0.0089
0.8915,0.8802,-0.6774,-0.3910,-0.9748,-1.0640,0.79471,0.7748,0.708456,0.6820
0.8913,0.1708,-0.5898,0.3508,-0.7932,-1.0605,0.79449,0.0292,0.708163,0.0050
0.8918,0.9190,-0.6580,-0.3444,-0.8563,-0.9475,0.79522,0.8445,0.709138,0.7761
0.8920,0.9544,-0.5080,-0.5069,-0.7948,-1.1910,0.79573,0.9109,0.709820,0.8694
0.8916,0.1344,-0.5374,0.4208,-0.9320,-0.9247,0.79497,0.0181,0.708802,0.0024
0.8924,0.9936,-0.5199,-0.4503,-1.1111,-1.0483,0.79633,0.9873,0.710629,0.9810
0.8919,0.0982,-0.6074,0.5056,-0.8656,-0.9515,0.79549,0.0096,0.709498,0.0009
0.8922,0.0619,-0.5374,0.3956,-0.8395,-0.9558,0.79602,0.0038,0.710205,0.0002
0.9160,0.5395,-0.7706,-0.0267,-0.8171,-1.0678,0.83897,0.2910,0.768461,0.1570
0.9160,0.3911,-0.7024,0.1292,-0.8317,-0.9282,0.83901,0.1530,0.768507,0.0598
0.9159,0.4280,-0.6529,0.1110,-0.8274,-0.9916,0.83890,0.1832,0.768362,0.0784
0.9159,0.4650,-0.6248,0.1361,-0.8911,-0.9622,0.83887,0.2162,0.768315,0.1005
0.9160,0.5021,-0.6922,0.0058,-0.7863,-0.9453,0.83898,0.2521,0.768467,0.1266
0.9161,0.6144,-0.5391,-0.2498,-0.8686,-1.0125,0.83928,0.3775,0.768881,0.2319
0.9162,0.3179,-0.7357,0.2410,-0.8996,-0.8960,0.83935,0.1010,0.768980,0.0321
0.9160,0.3545,-0.6595,0.1938,-1.0089,-1.0239,0.83912,0.1257,0.768662,0.0446
0.9161,0.5769,-0.7163,-0.1147,-0.8867,-1.0165,0.83920,0.3328,0.768775,0.1920
0.9163,0.6520,-0.7112,-0.2415,-0.7874,-1.0201,0.83960,0.4251,0.769317,0.2771
0.9163,0.2813,-0.6847,0.1683,-0.8161,-1.0608,0.83953,0.0791,0.769227,0.0223
0.9165,0.6897,-0.5843,-0.3008,-0.9639,-1.1232,0.83997,0.4757,0.769830,0.3281
0.9163,0.2448,-0.7060,0.2308,-0.9636,-0.9255,0.83968,0.0599,0.769433,0.0147
0.9165,0.2081,-0.7939,0.3217,-0.8990,-0.9213,0.84004,0.0433,0.769929,0.0090
0.9168,0.7277,-0.6266,-0.2610,-0.9242,-1.0635,0.84045,0.5295,0.770487,0.3853
0.9168,0.1715,-0.6232,0.3503,-1.0145,-1.1097,0.84049,0.0294,0.770546,0.0050
0.9170,0.7658,-0.7772,-0.3591,-0.8867,-1.0468,0.84092,0.5865,0.771142,0.4492
0.9170,0.1350,-0.5889,0.4737,-0.9643,-0.8902,0.84091,0.0182,0.771130,0.0025
0.9173,0.8043,-0.7496,-0.4015,-0.9158,-0.9833,0.84143,0.6469,0.771841,0.5203
0.9176,0.8429,-0.6741,-0.4334,-0.8802,-0.9195,0.84199,0.7104,0.772606,0.5988
0.9173,0.0988,-0.5658,0.3272,-0.9505,-0.8277,0.84137,0.0098,0.771752,0.0010
0.9180,0.8816,-0.7070,-0.4520,-0.9442,-1.0214,0.84264,0.7772,0.773512,0.6852
0.9176,0.0624,-0.5551,0.4509,-0.9382,-0.8516,0.84191,0.0039,0.772493,0.0002
0.9183,0.9204,-0.6359,-0.4858,-1.0229,-0.9801,0.84331,0.8471,0.774433,0.7797
0.9186,0.9559,-0.6200,-0.3846,-1.0036,-1.0840,0.84390,0.9137,0.775243,0.8734
0.9191,0.9951,-0.5076,-0.3848,-1.0807,-1.2465,0.84467,0.9903,0.776295,0.9855
0.9418,0.4288,-0.6987,0.0714,-0.8607,-1.0053,0.88696,0.1839,0.835332,0.0789
0.9419,0.4658,-0.6869,-0.0229,-0.9423,-1.0518,0.88712,0.2170,0.835550,0.1011
0.9419,0.3187,-0.5562,0.1601,-0.9786,-0.9961,0.88716,0.1015,0.835603,0.0324
0.9418,0.3553,-0.6958,0.2687,-0.9782,-0.9067,0.88703,0.1262,0.835423,0.0449
0.9418,0.3920,-0.8064,-0.0596,-0.9666,-1.1965,0.88704,0.1537,0.835443,0.0602
0.9419,0.5031,-0.8634,-0.0842,-0.9049,-1.0418,0.88726,0.2531,0.835746,0.1273
0.9421,0.5404,-0.6109,-0.0630,-0.9017,-1.0246,0.88747,0.2921,0.836045,0.1578
0.9421,0.2454,-0.7992,0.2903,-0.9799,-1.0774,0.88752,0.0602,0.836124,0.0148
0.9420,0.2820,-0.5931,0.2317,-0.9673,-0.9082,0.88731,0.0795,0.835816,0.0224
0.9422,0.5779,-0.6578,-0.1215,-0.8330,-1.0158,0.88772,0.3340,0.836406,0.1930
0.9423,0.6155,-0.6149,-0.1546,-0.8423,-1.0100,0.88794,0.3788,0.836713,0.2331
0.9422,0.2087,-0.6224,0.2272,-0.9613,-0.9833,0.88768,0.0436,0.836344,0.0091
0.9425,0.6531,-0.6467,-0.2226,-0.8913,-0.9528,0.88839,0.4265,0.837346,0.2786
0.9424,0.1721,-0.5901,0.2106,-1.0804,-0.9340,0.88805,0.0296,0.836866,0.0051
0.9426,0.1357,-0.7319,0.3642,-0.9589,-0.8877,0.88847,0.0184,0.837463,0.0025
0.9428,0.6909,-0.7897,-0.2710,-1.0235,-0.9921,0.88883,0.4773,0.837969,0.3298
0.9428,0.0993,-0.6074,0.3612,-1.0781,-0.8596,0.88889,0.0099,0.838049,0.0010
0.9431,0.7289,-0.6751,-0.3762,-1.0215,-1.0378,0.88952,0.5313,0.838950,0.3872
0.9431,0.0630,-0.5215,0.3847,-1.0913,-0.8257,0.88935,0.0040,0.838704,0.0002
0.9435,0.7671,-0.6103,-0.2744,-1.0339,-0.9916,0.89015,0.5884,0.839831,0.4514
0.9438,0.8056,-0.5641,-0.2678,-0.9432,-1.0429,0.89077,0.6490,0.840709,0.5229
0.9442,0.8442,-0.6064,-0.3403,-0.9399,-1.1371,0.89156,0.7127,0.841835,0.6017
0.9447,0.8830,-0.6878,-0.3919,-0.9987,-0.9965,0.89240,0.7796,0.843025,0.6884
0.9451,0.9219,-0.4601,-0.3006,-1.1417,-1.1291,0.89321,0.8498,0.844166,0.7834
0.9455,0.9574,-0.3954,-0.4184,-1.1130,-1.1936,0.89394,0.9166,0.845207,0.8776
0.9460,0.9967,-0.5801,-0.4396,-1.2272,-1.2896,0.89499,0.9935,0.846697,0.9902
0.9678,0.3928,-0.7032,0.1304,-1.0596,-1.0412,0.93657,0.1543,0.906374,0.0606
0.9678,0.4297,-0.8066,0.1942,-0.8370,-0.8944,0.93666,0.1846,0.906508,0.0793
0.9679,0.2459,-0.5510,0.0934,-0.9862,-1.1035,0.93679,0.0605,0.906695,0.0149
0.9678,0.2826,-0.6331,0.1777,-1.0951,-0.9418,0.93665,0.0799,0.906500,0.0226
0.9678,0.3193,-0.7382,0.3083,-1.0632,-0.9179,0.93659,0.1020,0.906407,0.0326
0.9678,0.3560,-0.7748,0.1064,-1.0571,-1.0083,0.93664,0.1267,0.906479,0.0451
0.9679,0.4667,-0.7311,0.1861,-0.8768,-0.9650,0.93690,0.2178,0.906862,0.1017
0.9680,0.5040,-0.7171,-0.0155,-1.0065,-1.0849,0.93709,0.2540,0.907132,0.1280
0.9680,0.2092,-0.6898,0.3003,-0.9745,-0.9634,0.93700,0.0438,0.907007,0.0092
0.9682,0.5414,-0.7861,0.0010,-0.8852,-0.8979,0.93746,0.2931,0.907670,0.1587
0.9681,0.1726,-0.6528,0.3932,-1.0230,-0.7823,0.93719,0.0298,0.907284,0.0051
0.9684,0.5790,-0.7286,-0.0794,-0.8817,-1.0077,0.93780,0.3352,0.908168,0.1941
0.9683,0.1362,-0.6868,0.3700,-1.1750,-0.8322,0.93752,0.0185,0.907760,0.0025
0.9686,0.6165,-0.8118,-0.1156,-0.9226,-0.9415,0.93816,0.3801,0.908695,0.2343
0.9684,0.0999,-0.7096,0.3250,-1.1361,-0.8506,0.93777,0.0100,0.908129,0.0010
0.9688,0.6542,-0.6726,-0.1524,-0.7974,-0.9423,0.93864,0.4280,0.909383,0.2800
0.9686,0.0635,-0.4935,0.4171,-1.1897,-0.7911,0.93819,0.0040,0.908736,0.0003
0.9692,0.6921,-0.7544,-0.1899,-0.9623,-0.9716,0.93930,0.4789,0.910350,0.3315
0.9696,0.7301,-0.7596,-0.1380,-1.0694,-0.9176,0.94005,0.5331,0.911435,0.3892
0.9699,0.7684,-0.6814,-0.2807,-0.9608,-1.0451,0.94080,0.5904,0.912531,0.4537
0.9704,0.8070,-0.6853,-0.2096,-0.9063,-0.9736,0.94162,0.6512,0.913721,0.5255
0.9708,0.8456,-0.5712,-0.3347,-1.0348,-1.0315,0.94244,0.7151,0.914917,0.6047
0.9714,0.8845,-0.5813,-0.4315,-1.2011,-1.1488,0.94359,0.7823,0.916591,0.6919
0.9719,0.9234,-0.5191,-0.3231,-1.1424,-1.1150,0.94456,0.8527,0.918010,0.7873
0.9724,0.9590,-0.5706,-0.4349,-1.3620,-1.4040,0.94552,0.9196,0.919408,0.8819
0.9730,0.9984,-0.5895,-0.4184,-1.4435,-1.4379,0.94680,0.9967,0.921270,0.9951
0.9937,0.2832,-0.5547,0.1869,-1.0254,-0.9516,0.98735,0.0802,0.981089,0.0227
0.9937,0.3200,-0.6872,0.1513,-1.0565,-0.8815,0.98735,0.1024,0.981090,0.0328
0.9938,0.3935,-0.7240,0.0773,-0.9113,-0.8848,0.98761,0.1548,0.981474,0.0609
0.9938,0.1731,-0.5510,0.3109,-1.1920,-0.8502,0.98765,0.0300,0.981533,0.0052
0.9937,0.2098,-0.6855,0.3489,-1.0925,-0.9505,0.98753,0.0440,0.981357,0.0092
0.9937,0.2465,-0.7285,0.1405,-1.1830,-0.9896,0.98741,0.0608,0.981172,0.0150
0.9937,0.3567,-0.6771,0.1085,-1.0520,-1.0258,0.98745,0.1272,0.981241,0.0454
0.9939,0.4304,-0.7881,0.0424,-0.9499,-0.9573,0.98782,0.1853,0.981793,0.0797
0.9940,0.1366,-0.7350,0.3323,-1.2594,-0.7975,0.98795,0.0187,0.981984,0.0025
0.9941,0.4675,-0.7076,0.0412,-1.1034,-0.9293,0.98815,0.2186,0.982279,0.1022
0.9942,0.5048,-0.8234,-0.0184,-0.9717,-1.0423,0.98846,0.2549,0.982745,0.1287
0.9941,0.1002,-0.5171,0.3139,-1.0979,-0.7360,0.98821,0.0100,0.982368,0.0010
0.9944,0.5424,-0.6504,-0.1123,-1.1200,-1.0928,0.98885,0.2942,0.983315,0.1595
0.9943,0.0638,-0.5801,0.4367,-1.3739,-0.6667,0.98864,0.0041,0.983011,0.0003
0.9946,0.5800,-0.7335,-0.0094,-0.9523,-0.9295,0.98932,0.3364,0.984017,0.1951
0.9949,0.6176,-0.7273,-0.1477,-1.0139,-1.0010,0.98984,0.3814,0.984806,0.2356
0.9952,0.6553,-0.7493,-0.1489,-0.8955,-1.0292,0.99051,0.4295,0.985793,0.2814
0.9956,0.6932,-0.8634,-0.0426,-1.0432,-0.8656,0.99122,0.4806,0.986865,0.3332
0.9960,0.7314,-0.6291,-0.2243,-1.0962,-0.9884,0.99208,0.5349,0.988138,0.3912
0.9965,0.7697,-0.6719,-0.1737,-1.1797,-1.0933,0.99300,0.5924,0.989517,0.4560
0.9970,0.8083,-0.6740,-0.2750,-1.1988,-1.0409,0.99399,0.6534,0.990998,0.5281
0.9975,0.8471,-0.6469,-0.4423,-1.0617,-1.2958,0.99494,0.7175,0.992425,0.6078
0.9981,0.8859,-0.6563,-0.1911,-1.3150,-1.1023,0.99613,0.7849,0.994197,0.6953
0.9987,0.9249,-0.6068,-0.2621,-1.3508,-1.3232,0.99745,0.8555,0.996179,0.7913
0.9993,0.9606,-0.5633,-0.3262,-1.6353,-1.3858,0.99860,0.9227,0.997894,0.8863
1.0000,1.0000,-0.3565,-0.3839,-1.6335,-1.5826,1.00000,1.0000,1.000000,1.0000
